%wv	Hbo2 (mm-1)		Hb (mm-1)		H2o (fraction)		Lipid (fraction)	Melanin (fraction)	Methb (Arbitrary Scale)
400	142.588906046512	119.593183255814	5.80000000000000e-05	0.00902354098360576	149.720114838977	84.0367698669400
401	147.217190958348	122.837618990473	5.68257863291139e-05	0.00915350819672060	148.424811027351	79.0761947631800
402	152.225086511628	126.497898604651	5.56921978059072e-05	0.00926439344262232	147.143897951843	83.2043647766200
403	158.040929678789	130.934540045039	5.45980030379747e-05	0.00935708196721256	145.877180528883	86.0644531250000
404	165.342546046512	135.699186976744	5.35419706329114e-05	0.00943245901639296	144.624466794356	86.5877151489200
405	176.004582099129	140.312419720791	5.25228691983122e-05	0.00949140983606516	143.385567846171	80.8713722229000
406	189.707214883721	144.900475348837	5.15394673417722e-05	0.00953481967213079	142.160297788017	85.3904151916600
407	207.994162017951	149.420823279633	5.05905336708861e-05	0.00956357377049150	140.948473674291	77.0690155029200
408	226.186734883721	153.902527441860	4.96748367932490e-05	0.00957855737704892	139.749915456164	83.6754035949800
409	239.160176488778	158.329006398913	4.87911453164557e-05	0.00958065573770470	138.564445928769	85.4238319397000
410	250.030818604651	162.793178604651	4.79382278481013e-05	0.00957075409836048	137.391890679465	85.5119514465400
411	259.645176705348	167.306125705315	4.71148529957806e-05	0.00954973770491789	136.232078037182	75.3946685791000
412	267.897813953488	172.105867906977	4.63197893670886e-05	0.00951849180327857	135.084839022791	78.6704063415600
413	276.218764649867	177.654678616279	4.55518055696203e-05	0.00947790163934417	133.950007300498	71.3709640503000
414	280.794613953488	183.488043720930	4.48096702109705e-05	0.00942885245901632	132.827419130226	80.0174331665000
415	280.385224338961	189.159978166146	4.40921518987342e-05	0.00937222950819667	131.716913320972	77.8911209106400
416	279.509218604651	194.870219534884	4.33980192405063e-05	0.00930891803278685	130.618331185110	74.4389152526800
417	278.293892645848	200.695344877284	4.27260408438819e-05	0.00923980327868850	129.531516493616	71.3928031921400
418	276.102920930233	206.563032558140	4.20749853164557e-05	0.00916577049180326	128.456315432206	78.1610870361400
419	268.695014008484	212.406102644774	4.14436212658228e-05	0.00908770491803278	127.392576558353	81.2714004516600
420	257.271879069767	218.281553488372	4.08307172995781e-05	0.00900649180327869	126.340150759176	75.3258323669400
421	245.029571614242	223.993049959525	4.02350420253165e-05	0.00892301639344262	125.298891210165	83.3308029174800
422	231.306893023256	230.235730232558	3.96553640506329e-05	0.00883816393442623	124.268653334744	86.6737747192400
423	216.470796838015	238.702104833231	3.90904519831224e-05	0.00875281967213115	123.249294764634	81.0265350341800
424	201.505001860465	247.010139534884	3.85390744303798e-05	0.00866786885245902	122.240675301007	78.8061714172400
425	187.625203928356	252.878526787362	3.80000000000000e-05	0.00858419672131148	121.242656876421	79.2235755920400
426	174.616673488372	258.064539534884	3.74693822556391e-05	0.00850268852459017	120.255103517501	76.1077690124600
427	162.687044642893	262.966891593257	3.69446319799499e-05	0.00842422950819672	119.277881308363	67.8845405578600
428	151.629520000000	268.240586046512	3.64264036090226e-05	0.00834970491803279	118.310858354758	75.3747177124000
429	141.345325143877	275.478387187198	3.59153515789474e-05	0.00828000000000000	117.353904748930	70.8662414550800
430	131.791585116279	283.108325581395	3.54121303258145e-05	0.00821600000000000	116.406892535156	70.0860214233400
431	123.523432364011	291.123845927967	3.49173942857143e-05	0.00815800000000000	115.469695675967	64.9783515930200
432	114.678688372093	295.726623255814	3.44317978947368e-05	0.00806900000000000	114.542190019031	60.8675003051800
433	101.640905253630	295.726623255814	3.39559955889724e-05	0.00792700000000000	113.624253264677	57.9288482666000
434	88.5487432558140	295.726623255814	3.34906418045113e-05	0.00783200000000000	112.715764934058	54.8060417175200
435	78.5192047599817	294.971711752918	3.30363909774436e-05	0.00772100000000000	111.816606337931	52.4031066894600
436	71.1359209302325	292.984446511628	3.25938975438597e-05	0.00765200000000000	110.926660546042	49.7566032409600
437	67.1863872523985	284.208185777542	3.21638159398496e-05	0.00762300000000000	110.045812357101	47.7263641357400
438	63.8091674418605	268.626204651163	3.17468006015038e-05	0.00756000000000000	109.173948269343	45.4538917541600
439	59.1958262730705	245.242825739476	3.13435059649123e-05	0.00747400000000000	108.310956451646	43.6600494384800
440	54.9399395348837	221.345079069767	3.09545864661654e-05	0.00738300000000000	107.456726715218	41.7959976196200
441	52.1950169931302	207.800686157008	3.05806965413534e-05	0.00724400000000000	106.611150485812	40.3127288818400
442	49.6912418604651	194.544586046512	3.02224906265664e-05	0.00710400000000000	105.774120776484	38.8311195373600
443	46.4240489500546	172.743618420158	2.98806231578947e-05	0.00700000000000000	104.945532160865	37.5128364563000
444	43.6198911627907	151.421714418605	2.95557485714286e-05	0.00689900000000000	104.125280746944	36.2149429321200
445	42.2183489723752	138.903233945188	2.92485213032581e-05	0.00681100000000000	103.313264151347	35.1906776428200
446	40.8777144186047	127.052760930233	2.89595957894737e-05	0.00672900000000000	102.509381474111	34.1267013549800
447	38.3397390201691	110.855169871317	2.86896264661654e-05	0.00665900000000000	101.713533273922	33.2343864441000
448	35.9075190697674	92.8269674418605	2.84392677694236e-05	0.00657100000000000	100.925621543835	32.3508834838800
449	34.6598868461842	73.0441714021176	2.82091741353383e-05	0.00646400000000000	100.145549687442	31.5278053283600
450	33.6430809302326	55.3212734883721	2.80000000000000e-05	0.00637500000000000	99.3732224954893	30.7686805725000
451	32.6146862518403	43.1376779425815	2.78016482646617e-05	0.00629100000000000	98.6085461229348	30.0392150879000
452	31.5264632558139	33.5488186046512	2.76040047639098e-05	0.00621000000000000	97.8514280664355	29.3853569030800
453	30.1084866852320	24.9209581241519	2.74076983338346e-05	0.00613500000000000	97.1017771422527	28.7453460693400
454	28.6814548837209	19.3719790697674	2.72133578105263e-05	0.00604900000000000	96.3595034645698	28.1050300598200
455	27.4667023298388	17.6425745929786	2.70216120300752e-05	0.00595000000000000	95.6245184242138	27.5534248352000
456	26.5091367441860	16.4417061395349	2.68330898285714e-05	0.00583700000000000	94.8967346677703	26.9838714599600
457	25.9552188917100	15.0303285020209	2.66484200421053e-05	0.00575100000000000	94.1760660770859	26.4300346374600
458	25.4379739534884	13.8642742325581	2.64682315067669e-05	0.00566300000000000	93.4624277491484	25.9429168701200
459	24.6759231417392	13.1424915864957	2.62931530586466e-05	0.00559300000000000	92.7557359763384	25.4667854309000
460	23.8226604651163	12.5266061395349	2.61238135338346e-05	0.00552300000000000	92.0559082270430	25.0073051452600
461	22.9067997469322	11.8226453436813	2.59608417684211e-05	0.00541300000000000	91.3628631266265	24.5774269104000
462	22.1302232558140	11.1889380465116	2.58048665984962e-05	0.00528800000000000	90.6765204387479	24.1628074646000
463	21.7185314088413	10.7090709248841	2.56565168601504e-05	0.00514400000000000	89.9968010470212	23.7818527221600
464	21.3199957209302	10.3157261395349	2.55164213894737e-05	0.00498500000000000	89.3236269370086	23.4049606323200
465	20.6207780597250	10.0022291117013	2.53852090225564e-05	0.00484600000000000	88.6569211785421	23.0831336975000
466	19.8557161860465	9.71673190697674	2.52635085954887e-05	0.00472000000000000	87.9966079083656	22.7734947204600
467	19.2294192959590	9.40828831128581	2.51519489443609e-05	0.00459400000000000	87.3426123130916	22.5000953674400
468	18.6761517209302	9.11859460465116	2.50511589052632e-05	0.00451300000000000	86.6948606124655	22.2412681579600
469	18.2131441873018	8.87780276445449	2.49617673142857e-05	0.00443400000000000	86.0532800429321	22.0082473754800
470	17.7862296744186	8.65306725581395	2.48844030075188e-05	0.00432700000000000	85.4177988414974	21.7862319946200
471	17.3554413984400	8.39574874214598	2.48196948210526e-05	0.00420800000000000	84.7883462298806	21.5818977356000
472	16.9350837209302	8.19975116279070	2.47682715909774e-05	0.00408400000000000	84.1648523989501	21.4123725891200
473	16.5201147800384	8.12025034978854	2.47307621533835e-05	0.00396100000000000	83.5472484934373	21.2550735473600
474	16.1282839069767	8.05964306976744	2.47077953443609e-05	0.00384300000000000	82.9354665969234	21.1126518249600
475	15.7780931519528	7.98574822813211	2.47000000000000e-05	0.00373200000000000	82.3294397170941	21.0058784484800
476	15.4519517209302	7.92274846511628	2.47005178739726e-05	0.00363500000000000	81.7291017712552	20.8939933776800
477	15.1429809448908	7.88258949774731	2.47020651835616e-05	0.00353400000000000	81.1343875721061	20.8211135864200
478	14.8452451162791	7.85012362790698	2.47046324602740e-05	0.00345200000000000	80.5452328137643	20.7679748535200
479	14.5464035649432	7.81340021455117	2.47082102356164e-05	0.00338600000000000	79.9615740580370	20.7110214233400
480	14.2621040930233	7.79270930232558	2.47127890410959e-05	0.00331500000000000	79.3833487209346	20.6707954406800
481	13.9913171050601	7.85922851162791	2.47183594082192e-05	0.00326100000000000	78.8104950594211	20.6493568420400
482	13.7652987906977	7.97009386046512	2.47249118684931e-05	0.00319200000000000	78.2429521583976	20.6421279907200
483	13.6155868411429	8.05878613953489	2.47324369534247e-05	0.00310900000000000	77.6806599179130	20.6342887878400
484	13.4861537674419	8.14747841860465	2.47409251945205e-05	0.00301300000000000	77.1235590405986	20.6128883361800
485	13.3484775564517	8.23542038376163	2.47503671232877e-05	0.00291900000000000	76.5715910193218	20.7088851928800
486	13.2125787906977	8.32486297674419	2.47607532712329e-05	0.00283200000000000	76.0246981250548	20.5356216430600
487	13.0794009510020	8.40998560137618	2.47720741698630e-05	0.00275000000000000	75.4828233949539	20.6091499328600
488	12.9475731162791	8.51467302325581	2.47843203506849e-05	0.00267600000000000	74.9459106206449	20.6390571594200
489	12.8193367639105	8.70525481478169	2.47974823452055e-05	0.00259700000000000	74.4139043367122	20.6360816955600
490	12.6849240000000	8.93564000000000	2.48115506849315e-05	0.00251500000000000	73.8867498093857	20.6281089782800
491	12.5298647639600	9.14601637209302	2.48265159013699e-05	0.00243700000000000	73.3643930254231	20.6353378295800
492	12.3648605581395	9.35639274418604	2.48423685260274e-05	0.00236800000000000	72.8467806811829	20.6287574768000
493	12.1967021425600	9.56687623255814	2.48590990904110e-05	0.00229800000000000	72.3338601718854	20.6199645996000
494	12.0278727441860	9.77735972093023	2.48766981260274e-05	0.00225000000000000	71.8255795810570	20.6153297424400
495	11.8639766624876	9.98567864301020	2.48951561643836e-05	0.00219300000000000	71.3218876701558	20.6073379516600
496	11.7026677209302	10.1981124651163	2.49144637369863e-05	0.00212400000000000	70.8227338683726	20.5848503112800
497	11.5326721990673	10.4197185976096	2.49346113753425e-05	0.00206000000000000	70.3280682626072	20.5621719360400
498	11.3864604651163	10.6533566511628	2.49555896109589e-05	0.00199800000000000	69.8378415876139	20.5360794067400
499	11.2928598330696	10.9090159478328	2.49773889753425e-05	0.00194200000000000	69.3520052163143	20.4991912841800
500	11.2112182325581	11.1732990697674	2.50000000000000e-05	0.00190600000000000	68.8705111502737	20.4494285583400
501	11.1145335703444	11.4332702790698	2.50399358246575e-05	0.00187500000000000	68.3933120103394	20.4050827026400
502	11.0310486511628	11.6932414883721	2.51126087890411e-05	0.00182800000000000	67.9203610274349	20.3491973877000
503	10.9850006119386	11.9532126976744	2.52163582246575e-05	0.00177600000000000	67.4516120335110	20.2911949157800
504	10.9355009302326	12.2131839069767	2.53495234630137e-05	0.00172400000000000	66.9870194526470	20.2107048034600
505	10.7917688023113	12.4731551162791	2.55104438356164e-05	0.00168300000000000	66.5265382923019	20.1512908935600
506	10.6827065116279	12.7331263255814	2.56974586739726e-05	0.00164800000000000	66.0701241347120	20.0743293762200
507	10.6931539514027	12.9912249931601	2.59089073095890e-05	0.00162000000000000	65.6177331284311	20.0000953674400
508	10.7094855813953	13.2530687441860	2.61431290739726e-05	0.00157600000000000	65.1693219800129	19.9317741394000
509	10.7190089450909	13.5222463190786	2.63984632986301e-05	0.00153400000000000	64.7248479458301	19.8605537414600
510	10.7304803720930	13.8038606511628	2.66732493150685e-05	0.00150100000000000	64.2842688240308	19.7846221923800
511	10.7543312190064	14.1105649784590	2.69658264547945e-05	0.00147500000000000	63.8475429466265	19.7159004211400
512	10.7921793488372	14.4268489302326	2.72745340493151e-05	0.00145700000000000	63.4146291717122	19.6654701233000
513	10.8526511263146	14.7383430697674	2.75977114301370e-05	0.00143200000000000	62.9854868758139	19.6052742004400
514	10.9414994418605	15.0498372093023	2.79336979287671e-05	0.00140300000000000	62.5600759463623	19.5532035827600
515	11.0643313272173	15.3613313488372	2.82808328767123e-05	0.00136800000000000	62.1383567742903	19.5149421691800
516	11.2480662325581	15.6728254883721	2.86374556054795e-05	0.00133000000000000	61.7202902467514	19.4765090942400
517	11.6006632439567	15.9843196279070	2.90019054465753e-05	0.00129800000000000	61.3058377399582	19.4493293762200
518	12.0557229767442	16.2958137674419	2.93725217315069e-05	0.00127000000000000	60.8949611121365	19.4284057617200
519	12.4865295837388	16.6041477470326	2.97476437917808e-05	0.00124600000000000	60.4876226965953	19.4095420837400
520	12.9623551627907	16.9188020465116	3.01256109589041e-05	0.00123100000000000	60.0837852949093	19.3835830688400
521	13.5261912894467	17.2446528657945	3.05047625643836e-05	0.00121100000000000	59.6834121702119	19.3762016296400
522	14.1663421395349	17.5944915348837	3.08834379397260e-05	0.00118900000000000	59.2864670405971	19.3673324585000
523	14.8871839343584	17.9981028057775	3.12599764164384e-05	0.00116500000000000	58.8929140726277	19.3574905395600
524	15.6760389767442	18.4227146046512	3.16327173260274e-05	0.00114500000000000	58.5027178749492	19.3555641174400
525	16.5170950009633	18.8368395308017	3.20000000000000e-05	0.00113200000000000	58.1158434920055	19.3590354919400
526	17.4044672558140	19.2509376744186	3.23673085276596e-05	0.00111300000000000	57.7322563978567	19.3577003479000
527	18.3159148086776	19.6649420930233	3.27417226893617e-05	0.00109100000000000	57.3519224900954	19.3641853332600
528	19.2755744186047	20.0789465116279	3.31239753531915e-05	0.00106400000000000	56.9748080838608	19.3865966796800
529	20.3226050187317	20.4930045022195	3.35147993872340e-05	0.00104200000000000	56.6008799059485	19.3832588195800
530	21.4001186976744	20.9071695813954	3.39149276595745e-05	0.00103100000000000	56.2301050890143	19.4034957885800
531	22.4840367006916	21.3230425923862	3.43250930382979e-05	0.00101700000000000	55.8624511658705	19.4106101989800
532	23.4991693023256	21.7360353488372	3.47460283914894e-05	0.00100200000000000	55.4978860638724	19.4092750549400
533	24.3485511639373	22.1402311652903	3.51784665872341e-05	0.000991000000000000	55.1363780993946	19.4028091430600
534	25.1316213953488	22.5415497674419	3.56231404936170e-05	0.000984000000000000	54.7778959723943	19.3876266479400
535	25.9303446361464	22.9444410503824	3.60807829787234e-05	0.000978000000000000	54.4224087610609	19.3642425537200
536	26.6462455813954	23.3470641860465	3.65521269106383e-05	0.000970000000000000	54.0698859165496	19.3210983276400
537	27.2113243178015	23.7488839496176	3.70379051574468e-05	0.000951000000000000	53.7202972577987	19.2664527893000
538	27.6959851162791	24.1504362790698	3.75388505872341e-05	0.000929000000000000	53.3736129664276	19.1872215271000
539	28.2116621870368	24.5502821408133	3.80556960680851e-05	0.000913000000000000	53.0298035817155	19.0879249572800
540	28.5122111627907	24.9538083720930	3.85891744680851e-05	0.000896000000000000	52.6888399956582	18.9679336547800
541	28.5344398245511	25.3684480892073	3.91400186553191e-05	0.000880000000000000	52.3506934481031	18.8236618042000
542	28.5422037209302	25.7871730232558	3.97089614978723e-05	0.000864000000000000	52.0153355219591	18.6524772644000
543	28.3261285375462	26.2047924443980	4.02967358638298e-05	0.000849000000000000	51.6827381384815	18.4627723693800
544	27.9016483720930	26.6226800000000	4.09040746212766e-05	0.000840000000000000	51.3528735526311	18.2358551025400
545	27.3768580281571	27.0528701955223	4.15317106382979e-05	0.000833000000000000	51.0257143485036	17.9970932006800
546	26.7083730232558	27.4581869767442	4.21803767829787e-05	0.000828000000000000	50.7012334348317	17.7482223510800
547	25.9016847067821	27.8087875235856	4.28508059234043e-05	0.000822000000000000	50.3794040405552	17.4823951721200
548	24.9902279069767	28.1158809302326	4.35437309276596e-05	0.000805000000000000	50.0601997104607	17.2022438049400
549	24.0193320346826	28.3797024776268	4.42598846638298e-05	0.000785000000000000	49.7435943008877	16.9291496276800
550	23.0385693023256	28.6064734883721	4.50000000000000e-05	0.000773000000000000	49.4295619755009	16.6485404968200
551	22.1168832962350	28.8015619802445	4.57669527848189e-05	0.000763000000000000	49.1180772011281	16.3863563537600
552	21.2492989767442	28.9642418604651	4.65647459588269e-05	0.000760000000000000	48.8091147436608	16.1174583435000
553	20.4493594201391	29.1150268118984	4.73958030279471e-05	0.000757000000000000	48.5026496640182	15.8827781677200
554	19.7175361860465	29.1998976744186	4.82625474981024e-05	0.000746000000000000	48.1986573141730	15.6624603271400
555	19.0142216140682	29.2078149646107	4.91674028752156e-05	0.000733000000000000	47.8971133332371	15.4647827148400
556	18.4651326511628	29.2106093023256	5.01127926652099e-05	0.000724000000000000	47.5979936436076	15.2868652343800
557	18.1584389603522	29.1350923255814	5.11011403740080e-05	0.000718000000000000	47.3012744471709	15.1372337341400
558	17.9184111627907	29.0092306976744	5.21348695075331e-05	0.000710000000000000	47.0069322215642	15.0041198730400
559	17.6309044252934	28.9236874556563	5.32164035717079e-05	0.000704000000000000	46.7149437164943	14.8933029174800
560	17.4670231627907	28.8078520930233	5.43481660724554e-05	0.000698000000000000	46.4252859501113	14.8063659668000
561	17.4679384049411	28.4699023326117	5.55325805156987e-05	0.000690000000000000	46.1379362054374	14.7277069091800
562	17.4706651162791	27.9980530232558	5.67720704073605e-05	0.000682000000000000	45.8528720268491	14.6736335754400
563	17.7030436956268	27.5498717716522	5.80690592533640e-05	0.000673000000000000	45.5700712166128	14.6245384216400
564	18.1645643720930	27.0854223255814	5.94259705596320e-05	0.000662000000000000	45.2895118314721	14.5778656005800
565	18.7678493133368	26.6241314351001	6.08452278320874e-05	0.000653000000000000	45.0111721792859	14.5414161682200
566	19.5461501395349	26.1513683720930	6.23292545766532e-05	0.000647000000000000	44.7350308157170	14.5073699951200
567	20.4676826896198	25.6525111065722	6.38804742992524e-05	0.000641000000000000	44.4610665409708	14.4696998596200
568	21.5153758139535	25.1444753488372	6.55013105058079e-05	0.000636000000000000	44.1892583965811	14.4233322143600
569	22.6385641066047	24.6369536328993	6.71941867022427e-05	0.000630000000000000	43.9195856622453	14.3791961670000
570	23.8312297674419	24.1397246511628	6.89615263944796e-05	0.000629000000000000	43.6520278527051	14.3235588073800
571	25.0903590038813	23.6675517970657	7.08057530884416e-05	0.000633000000000000	43.3865647146749	14.2609596252400
572	26.3356083720930	23.2120976744186	7.27292902900517e-05	0.000639000000000000	43.1231762238142	14.1841125488200
573	27.5429492664149	22.7737067475123	7.47345615052329e-05	0.000632000000000000	42.8618425817458	14.1269683837800
574	28.5507730232558	22.3423134883721	7.68239902399080e-05	0.000613000000000000	42.6025442131177	14.0401077270600
575	29.3425870544583	21.9074347832350	7.90000000000000e-05	0.000589000000000000	42.3452617627076	13.9393043518000
576	29.7461906976744	21.4725293023256	8.16361325876563e-05	0.000573000000000000	42.0899760925708	13.8538742065400
577	29.6212272228212	21.0312847065210	8.50604426670969e-05	0.000562000000000000	41.8366682792293	13.7314605712800
578	29.3112986046512	20.6025308837209	8.92071230373538e-05	0.000563000000000000	41.5853196109026	13.6001396179200
579	28.3490828546982	20.2056885072279	9.40103664974587e-05	0.000566000000000000	41.3359115847784	13.4624290466400
580	26.8347702325581	19.8272232558140	9.94043658464435e-05	0.000566000000000000	41.0884259043236	13.3204078674400
581	25.1553912571109	19.4640681076673	0.000105323313883340	0.000564000000000000	40.8428444766342	13.1454658508400
582	23.1928167441860	19.1076160930233	0.000111701403407180	0.000562000000000000	40.5991494098237	12.9513931274400
583	20.9207925245406	18.7521941468587	0.000118472827216996	0.000562000000000000	40.3573230104495	12.7690124511800
584	18.5523253023256	18.3880089302326	0.000125571778111819	0.000557000000000000	40.1173477809768	12.5842094421400
585	16.3358712425235	18.0051737421879	0.000132932448890682	0.000548000000000000	39.8792064172786	12.3727226257400
586	14.2466793488372	17.5947057674419	0.000140489032352615	0.000541000000000000	39.6428818061726	12.1580123901400
587	12.3234210567889	17.1553759896813	0.000148175721296652	0.000530000000000000	39.4083570229928	11.9684410095200
588	10.5848022325581	16.6432989767442	0.000155926708521823	0.000520000000000000	39.1756153291966	11.7541694641200
589	9.05017015398751	15.9497012399502	0.000163676186827162	0.000512000000000000	38.9446401700062	11.5691757202200
590	7.71280055813953	15.1700216744186	0.000171358349011698	0.000502000000000000	38.7154151720836	11.3819503784200
591	6.57447982822931	14.4105279340707	0.000178907387874466	0.000493000000000000	38.4879241412389	11.1986541748000
592	5.60668027906977	13.6412581395349	0.000186257496214495	0.000488000000000000	38.2621510601719	11.0367774963400
593	4.79689444305544	12.8632101050061	0.000193342866830819	0.000485000000000000	38.0380800862450	10.8605957031200
594	4.11262241860465	12.0906428837209	0.000200097692522469	0.000486000000000000	37.8156955492887	10.7061004638600
595	3.52181363684649	11.3425145665792	0.000206456166088477	0.000487000000000000	37.5949819494377	10.5655860900800
596	3.04403041860465	10.6045116279070	0.000212352480327874	0.000479000000000000	37.3759239549984	10.4275703430200
597	2.71193804105865	9.85631931098731	0.000217720828039693	0.000472000000000000	37.1585064003455	10.3119850158600
598	2.41247283720930	9.13616167441861	0.000222495402022966	0.000467000000000000	36.9427142838499	10.1901245117200
599	2.03110844397965	8.42574389563677	0.000226610395076725	0.000462000000000000	36.7285327658342	10.0845527649000
600	1.71386046511628	7.86083525581395	0.000230000000000000	0.000466000000000000	36.5159471665587	9.96900558472000
601	1.55534245715037	7.55110955741398	0.000232934718407960	0.000471000000000000	36.3049429642342	9.87068176270000
602	1.42678883720930	7.29590400000000	0.000235733933001658	0.000479000000000000	36.0955057930638	9.77899551392000
603	1.27516395646580	7.01342498001888	0.000238405158208955	0.000487000000000000	35.8876214413122	9.68544006348000
604	1.13971720930233	6.73097274418605	0.000240955908457711	0.000487000000000000	35.6812758494010	9.58505630494000
605	1.03456599613184	6.44796587666077	0.000243393698175788	0.000484000000000000	35.4764551080318	9.49964523316000
606	0.958262232558140	6.16625572093023	0.000245726041791045	0.000480000000000000	35.2731454563349	9.39603805542000
607	0.916451698565149	5.88825442749615	0.000247960453731343	0.000475000000000000	35.0713332800441	9.30915832520000
608	0.882423906976744	5.61160762790698	0.000250104448424544	0.000470000000000000	34.8710051096967	9.21236038208000
609	0.844504744186046	5.32799448217625	0.000252165540298508	0.000469000000000000	34.6721476188585	9.12967681884000
610	0.806585581395349	5.05781646511628	0.000254151243781095	0.000464000000000000	34.4747476223737	9.04346466064000
611	0.768666418604651	4.82327071714650	0.000256069073300166	0.000458000000000000	34.2787920746384	8.95574569702000
612	0.730747255813954	4.60128688372093	0.000257926543283582	0.000454000000000000	34.0842680678991	8.89247894288000
613	0.691754909170689	4.36011902191238	0.000259731168159204	0.000442000000000000	33.8911628305736	8.82646560668000
614	0.654908930232558	4.15718279069767	0.000261490462354892	0.000427000000000000	33.6994637255953	8.77122879028000
615	0.622742103875256	4.03624138933617	0.000263211940298507	0.000422000000000000	33.5091582487810	8.72716903686000
616	0.594495348837209	3.93373823255814	0.000264903116417910	0.000423000000000000	33.3202340272199	8.68019104004000
617	0.571177963698242	3.82192223315987	0.000266571505140962	0.000430000000000000	33.1326788176859	8.65474700928000
618	0.549506511627907	3.71007944186046	0.000268224620895522	0.000437000000000000	32.9464805050708	8.62419128418000
619	0.527012093023256	3.59439543656296	0.000269869978109453	0.000435000000000000	32.7616271008394	8.60607147216000
620	0.504517674418605	3.48642065116279	0.000271515091210614	0.000430000000000000	32.5781067415052	8.59449386596000
621	0.482023255813953	3.39771698707248	0.000273167474626866	0.000425000000000000	32.3959076871277	8.57038497924000
622	0.459528837209302	3.31696269767442	0.000274834642786070	0.000433000000000000	32.2150183198292	8.56300354004000
623	0.436376337209302	3.23932658446271	0.000276524110116086	0.000440000000000000	32.0354271423323	8.53725433350000
624	0.414540000000000	3.16357218604651	0.000278243391044776	0.000438000000000000	31.8571227765172	8.52342605590000
625	0.395559353036176	3.08558850926619	0.000280000000000000	0.000432000000000000	31.6800939619983	8.51181030274000
626	0.378977395348837	3.00996744186046	0.000281738808888889	0.000426000000000000	31.5043295547205	8.49971771240000
627	0.365410077196382	2.93984179899764	0.000283404989629630	0.000424000000000000	31.3298185255738	8.45571517944000
628	0.352841023255814	2.87435823255814	0.000285006506666667	0.000426000000000000	31.1565499590269	8.42655181884000
629	0.339772837209302	2.81488960224267	0.000286551324444444	0.000428000000000000	30.9845130517796	8.41970443726000
630	0.326704651162791	2.75760148837209	0.000288047407407407	0.000428000000000000	30.8136971114324	8.37442398072000
631	0.313636465116279	2.69859464098142	0.000289502720000000	0.000429000000000000	30.6440915551750	8.28531265258000
632	0.300568279069767	2.64084474418605	0.000290925226666667	0.000437000000000000	30.4756859084912	8.20314407348000
633	0.286897433958004	2.58379074441076	0.000292322891851852	0.000444000000000000	30.3084698038822	8.13205718994000
634	0.274431906976744	2.53372846511628	0.000293703680000000	0.000440000000000000	30.1424329796062	8.04214477540000
635	0.264361664789760	2.49748333215638	0.000295075555555556	0.000431000000000000	29.9775652784352	7.91717529296000
636	0.256436372093023	2.46495981395349	0.000296446482962963	0.000420000000000000	29.8138566464281	7.76969909668000
637	0.251148947763864	2.43046837209302	0.000297824426666667	0.000422000000000000	29.6512971317204	7.61260986328000
638	0.246581674418605	2.39597693023256	0.000299217351111111	0.000433000000000000	29.4898768833295	7.44632720948000
639	0.241654325581395	2.36157923593982	0.000300633220740741	0.000446000000000000	29.3295861499763	7.25618362426000
640	0.236726976744186	2.32720827906977	0.000302080000000000	0.000452000000000000	29.1704152789221	7.05747604370000
641	0.231799627906977	2.29282395348837	0.000303565653333333	0.000450000000000000	29.0123547148211	6.83996200562000
642	0.226872279069767	2.25843962790698	0.000305098145185185	0.000449000000000000	28.8553949985873	6.61642074584000
643	0.221811357523116	2.22388182348604	0.000306685440000000	0.000453000000000000	28.6995267662776	6.38401031494000
644	0.217017581395349	2.18967097674419	0.000308335502222222	0.000460000000000000	28.5447407479885	6.14440917968000
645	0.212809648916956	2.15591379714714	0.000310056296296296	0.000465000000000000	28.3910277667675	5.90286254882000
646	0.209090976744186	2.12362307906977	0.000311855786666667	0.000464000000000000	28.2383787375392	5.66522598266000
647	0.205987900536673	2.09434709913426	0.000313741937777778	0.000464000000000000	28.0867846660447	5.43188095092000
648	0.203092465116279	2.06605879069767	0.000315722714074074	0.000464000000000000	27.9362366477960	5.20612716674000
649	0.200093209302326	2.03727664651163	0.000317806080000000	0.000465000000000000	27.7867258670426	4.98714447022000
650	0.197093953488372	2.00849450232558	0.000320000000000000	0.000471000000000000	27.6382435957526	4.77800369262000
651	0.194094697674419	1.97971235813954	0.000322326323809524	0.000472000000000000	27.4907811926068	4.58395004272000
652	0.191095441860465	1.95093021395349	0.000324799500529101	0.000467000000000000	27.3443301020059	4.39710617066000
653	0.188068415159345	1.92214806976744	0.000327416393650794	0.000464000000000000	27.1988818530898	4.22182083130000
654	0.185096930232558	1.89336592558140	0.000330173866666667	0.000457000000000000	27.0544280587711	4.05656814576000
655	0.182258269491817	1.86458378139535	0.000333068783068783	0.000448000000000000	26.9109604147798	3.92267227172000
656	0.179526883720930	1.83580163720930	0.000336098006349206	0.000438000000000000	26.7684706987207	3.80115509034000
657	0.176782070268336	1.80652433481480	0.000339258400000000	0.000428000000000000	26.6269507691433	3.37131500244000
658	0.174385302325581	1.77823734883721	0.000342546827513228	0.000424000000000000	26.4863925646231	3.49521636962000
659	0.172672010116588	1.75247358468947	0.000345960152380952	0.000422000000000000	26.3467881028550	3.38098526000000
660	0.171171813953488	1.72808550697674	0.000349495238095238	0.000418000000000000	26.2081294797586	3.28163146972000
661	0.169659258219727	1.70474557495286	0.000353148948148148	0.000414000000000000	26.0704088685942	3.18273544312000
662	0.168172558139535	1.68187554418605	0.000356918146031746	0.000413000000000000	25.9336185190909	3.09219360352000
663	0.166672930232558	1.65875985116279	0.000360799695238095	0.000414000000000000	25.7977507565855	3.00653457642000
664	0.165173302325581	1.63564415813954	0.000364790459259259	0.000419000000000000	25.6627979811721	2.92964935302000
665	0.163644835420394	1.61253783810100	0.000368887301587302	0.000428000000000000	25.5287526668628	2.85636901856000
666	0.162174046511628	1.58943419534884	0.000373087085714286	0.000439000000000000	25.3956073607595	2.78858184814000
667	0.160834718490812	1.56632921395349	0.000377386675132275	0.000447000000000000	25.2633546822352	2.72830963134000
668	0.159603255813954	1.54322423255814	0.000381782933333333	0.000452000000000000	25.1319873221267	2.67223358154000
669	0.158507748414376	1.52011925116279	0.000386272723809524	0.000453000000000000	25.0014980419367	2.61402130126000
670	0.157460930232558	1.49701426976744	0.000390852910052910	0.000450000000000000	24.8718796730466	2.56967544556000
671	0.156402519379845	1.47373408341406	0.000395520355555556	0.000452000000000000	24.7431251159387	2.52399444580000
672	0.155318604651163	1.45080430697674	0.000400271923809524	0.000457000000000000	24.6152273394287	2.48502731324000
673	0.154124895736434	1.42861462815031	0.000405104478306878	0.000462000000000000	24.4881793799075	2.44085311890000
674	0.152962046511628	1.40731509767442	0.000410014882539683	0.000463000000000000	24.3619743405927	2.40692138672000
675	0.151943772383721	1.38744938843564	0.000415000000000000	0.000457000000000000	24.2366053907894	2.37457275390000
676	0.151033953488372	1.36808911627907	0.000420013228741641	0.000446000000000000	24.1120657651602	2.34382629394000
677	0.150209584170190	1.34847612558140	0.000425027281604863	0.000433000000000000	23.9883487630045	2.31512069702000
678	0.149534325581395	1.32886313488372	0.000430067994261398	0.000422000000000000	23.8654477475465	2.28845596314000
679	0.149076646934461	1.30925014418605	0.000435161202382979	0.000413000000000000	23.7433561452328	2.26305007934000
680	0.148677395348837	1.28963715348837	0.000440332741641337	0.000406000000000000	23.6220674450375	2.23985671998000
681	0.148248930232558	1.27002282347148	0.000445608447708207	0.000398000000000000	23.5015751977772	2.21729278564000
682	0.147820465116279	1.25041117209302	0.000451014156255319	0.000387000000000000	23.3818730154338	2.19839096070000
683	0.147392000000000	1.23080889302326	0.000456575702954407	0.000375000000000000	23.2629545704858	2.17794418334000
684	0.146963534883721	1.21120661395349	0.000462318923477204	0.000370000000000000	23.1448135952479	2.16186523438000
685	0.146427953488372	1.19159496257504	0.000468269653495441	0.000369000000000000	23.0274438812190	2.14378356934000
686	0.146106604651163	1.17198063255814	0.000474453728680851	0.000366000000000000	22.9108392784378	2.12556838990000
687	0.146427953488372	1.15200065384844	0.000480896984705167	0.000361000000000000	22.7949936948467	2.11029052734000
688	0.146963534883721	1.13275465116279	0.000487625257240122	0.000354000000000000	22.6799010956633	2.09524154664000
689	0.147392000000000	1.11513122907361	0.000494664381957447	0.000348000000000000	22.5655555027599	2.08152770996000
690	0.147820465116279	1.09899160000000	0.000502040194528875	0.000342000000000000	22.4519509940502	2.06825256348000
691	0.148248930232558	1.08485649853431	0.000509778530626140	0.000338000000000000	22.3390817028839	2.05509185792000
692	0.148677395348837	1.07141986976744	0.000517905225920973	0.000335000000000000	22.2269418174485	2.04130172730000
693	0.149076646934461	1.05764471627907	0.000526446116085106	0.000331000000000000	22.1155255801787	2.02650070190000
694	0.149534325581395	1.04386956279070	0.000535427036790274	0.000328000000000000	22.0048272871723	2.01408386230000
695	0.150199935828877	1.03008503714829	0.000544873823708207	0.000324000000000000	21.8948412876139	2.00248718262000
696	0.151033953488372	1.01629783255814	0.000554812312510638	0.000321000000000000	21.7855619832056	1.98951721192000
697	0.152057859097127	1.00252264588115	0.000565268338869301	0.000324000000000000	21.6769838276041	1.97978973388000
698	0.153176279069767	0.988726102325581	0.000576267738455927	0.000327000000000000	21.5691013258650	1.96489334106000
699	0.154247441860465	0.974914132517152	0.000587836346942249	0.000325000000000000	21.4619090338938	1.95434570312000
700	0.155318604651163	0.960982986046512	0.000600000000000000	0.000323000000000000	21.3554015579035	1.94166183472000
701	0.156389767441860	0.946763997261695	0.000614581589514894	0.000320000000000000	21.2495735538788	1.93174362182000
702	0.157460930232558	0.932447209302326	0.000633215684629787	0.000319000000000000	21.1444197270467	1.92287445068000
703	0.158507748414376	0.918190032558139	0.000655645636902128	0.000322000000000000	21.0399348313530	1.91343307496000
704	0.159603255813954	0.903932855813953	0.000681614797889362	0.000326000000000000	20.9361136689465	1.90261840820000
705	0.160834718490812	0.889586919184642	0.000710866519148936	0.000323000000000000	20.8329510896678	1.89405441284000
706	0.162174046511628	0.875397079069768	0.000743144152238298	0.000318000000000000	20.7304419905448	1.88659667968000
707	0.163644835420394	0.861387084271645	0.000778191048714894	0.000313000000000000	20.6285813152950	1.88047409058000
708	0.165173302325581	0.848103851162791	0.000815750560136170	0.000310000000000000	20.5273640538324	1.86738967896000
709	0.166672930232558	0.836336702238564	0.000855566038059575	0.000311000000000000	20.4267852417813	1.85823440552000
710	0.168172558139535	0.825052427906977	0.000897380834042553	0.000315000000000000	20.3268399599957	1.85026168824000
711	0.169672186046512	0.813516004651163	0.000940938299642553	0.000320000000000000	20.2275233340840	1.84412002564000
712	0.171171813953488	0.801979581395349	0.000985981786417021	0.000321000000000000	20.1288305339398	1.83588027954000
713	0.172635160540135	0.790452531435855	0.00103225464592340	0.000320000000000000	20.0307567732781	1.83187484742000
714	0.174171069767442	0.778928158139535	0.00107950022971915	0.000321000000000000	19.9332973091770	1.82756423950000
715	0.175911078931895	0.767402446511628	0.00112746188936170	0.000326000000000000	19.8364474416249	1.82004928588000
716	0.177813023255814	0.755876734883721	0.00117588297640851	0.000334000000000000	19.7402025130728	1.81282043458000
717	0.179911923318667	0.744329439526174	0.00122450684241702	0.000343000000000000	19.6445579079926	1.80496215820000
718	0.182097674418605	0.732825311627907	0.00127307683894468	0.000351000000000000	19.5495090524392	1.79967880250000
719	0.184240000000000	0.721392350589546	0.00132133631754894	0.000358000000000000	19.4550514136197	1.79527282714000
720	0.186382325581395	0.710116660465116	0.00136902862978723	0.000367000000000000	19.3611804994656	1.79155349732000
721	0.188524651162791	0.699157123837769	0.00141589712721702	0.000376000000000000	19.2678918582118	1.78853988648000
722	0.190666976744186	0.688307786046512	0.00146168516139574	0.000383000000000000	19.1751810779794	1.78432464600000
723	0.192796239364719	0.677404687133381	0.00150613608388085	0.000390000000000000	19.0830437863639	1.77661895752000
724	0.194951627906977	0.666498911627907	0.00154899324622979	0.000401000000000000	18.9914756500278	1.77068710328000
725	0.197174275508185	0.655886448173634	0.00159000000000000	0.000415000000000000	18.9004723742987	1.76597595214000
726	0.199450511627907	0.644668613953488	0.00163157903360000	0.000430000000000000	18.8100297027711	1.76549911500000
727	0.201793368848026	0.631410189413631	0.00167606298880000	0.000447000000000000	18.7201434169138	1.76198959350000
728	0.204163627906977	0.617418232558140	0.00172306014720000	0.000463000000000000	18.6308093356811	1.75775527954000
729	0.206520186046512	0.600471124116563	0.00177217879040000	0.000480000000000000	18.5420233151288	1.75172805786000
730	0.208876744186047	0.590317813953488	0.00182302720000000	0.000499000000000000	18.4537812480350	1.74587249756000
731	0.211233302325581	0.590317813953488	0.00187521365760000	0.000516000000000000	18.3660790635249	1.74221038818000
732	0.213589860465116	0.590317813953488	0.00192834644480000	0.000535000000000000	18.2789127266995	1.74242019654000
733	0.215875721860465	0.590317813953488	0.00198203384320000	0.000552000000000000	18.1922782382700	1.73809051514000
734	0.218302976744186	0.590317813953488	0.00203588413440000	0.000564000000000000	18.1061716341946	1.73566818238000
735	0.221139692243061	0.590243828988643	0.00208950560000000	0.000576000000000000	18.0205889853210	1.72727584838000
736	0.224301488372093	0.590082158139535	0.00214250652160000	0.000589000000000000	17.9355263970323	1.72386169434000
737	0.227855330082521	0.589695543104381	0.00219449518080000	0.000600000000000000	17.8509800088971	1.72512054444000
738	0.231585395348837	0.589396613953488	0.00224507985920000	0.000616000000000000	17.7669459943231	1.72294616700000
739	0.235227348837209	0.591977808030785	0.00229386883840000	0.000636000000000000	17.6834205602161	1.71672821044000
740	0.238869302325581	0.597644567441861	0.00234047040000000	0.000654000000000000	17.6003999466411	1.71516418458000
741	0.242511255813954	0.608377926852936	0.00238449282560000	0.000680000000000000	17.5178804264885	1.70864105224000
742	0.246153209302326	0.622152772093023	0.00242554439680000	0.000707000000000000	17.4358583051440	1.71089172364000
743	0.249769148837209	0.634028922220440	0.00246323339520000	0.000735000000000000	17.3543299201615	1.70824050904000
744	0.253437116279070	0.646660976744186	0.00249716810240000	0.000768000000000000	17.2732916409404	1.70141220092000
745	0.257239702828410	0.661612844369841	0.00252695680000000	0.000801000000000000	17.1927398684066	1.70009613038000
746	0.261149488372093	0.678067469767442	0.00255220776960000	0.000837000000000000	17.1126710346967	1.69775009156000
747	0.265192404148334	0.695601843674354	0.00257252929280000	0.000874000000000000	17.0330816028462	1.69588088990000
748	0.269290325581395	0.714058539534884	0.00258752965120000	0.000908000000000000	16.9539680664807	1.69227600098000
749	0.273360744186047	0.732165157005566	0.00259681712640000	0.000941000000000000	16.8753269495111	1.68823242188000
750	0.277431162790698	0.752620400000000	0.00260000000000000	0.000972000000000000	16.7971548058323	1.68777465820000
751	0.281501581395349	0.785072571013653	0.00259947520000000	0.00100100000000000	16.7194482190245	1.68350219726000
752	0.285572000000000	0.811577200000000	0.00259793493333333	0.00103000000000000	16.6422038020588	1.67856216430000
753	0.289698952196382	0.820044642926108	0.00259543040000000	0.00105900000000000	16.5654181970059	1.67795181274000
754	0.293712837209302	0.825737972093023	0.00259201280000000	0.00108900000000000	16.4890880747473	1.67619705200000
755	0.297462278908269	0.832218516464457	0.00258773333333333	0.00112000000000000	16.4132101346907	1.67270660400000
756	0.300996744186047	0.835764055813954	0.00258264320000000	0.00115500000000000	16.3377811044885	1.67196273804000
757	0.304260443313954	0.835764055813954	0.00257679360000000	0.00119000000000000	16.2627977397586	1.67104721070000
758	0.307423720930233	0.835764055813954	0.00257023573333333	0.00122700000000000	16.1882568238090	1.66885375976000
759	0.310637209302326	0.833794631221064	0.00256302080000000	0.00125800000000000	16.1141551673659	1.66135787964000
760	0.313850697674419	0.829358502325581	0.00255520000000000	0.00127800000000000	16.0404896083035	1.66490554810000
761	0.317064186046512	0.820340792473933	0.00254682453333333	0.00128900000000000	15.9672570113783	1.66519165040000
762	0.320277674418605	0.807892400000000	0.00253794560000000	0.00129000000000000	15.8944542679651	1.65786743164000
763	0.323465247561891	0.795131846623440	0.00252861440000000	0.00127300000000000	15.8220782957967	1.65679931640000
764	0.326704651162791	0.781713181395349	0.00251888213333333	0.00124900000000000	15.7501260387066	1.66448593140000
765	0.330078761599491	0.768591437237808	0.00250880000000000	0.00120600000000000	15.6785944663733	1.66496276856000
766	0.333560093023256	0.755448269767442	0.00249841920000000	0.00115300000000000	15.6074805740694	1.65859222412000
767	0.337174455954898	0.742286346152802	0.00248779093333333	0.00108900000000000	15.5367813824116	1.65750503540000
768	0.340844000000000	0.729097665116279	0.00247696640000000	0.00102100000000000	15.4664939371147	1.66683197022000
769	0.344485953488372	0.715866146290952	0.00246599680000000	0.000948000000000000	15.3966153087476	1.66927337646000
770	0.348127906976744	0.702618520930233	0.00245493333333333	0.000871000000000000	15.3271425924927	1.66437149048000
771	0.351769860465116	0.689378948837209	0.00244382720000000	0.000793000000000000	15.2580729079066	1.66913986206000
772	0.355411813953488	0.676139376744186	0.00243272960000000	0.000719000000000000	15.1894033986854	1.67066574096000
773	0.359110672965116	0.662899804651163	0.00242169173333333	0.000653000000000000	15.1211312324308	1.66524887084000
774	0.362695720930233	0.649660232558140	0.00241076480000000	0.000596000000000000	15.0532536004194	1.67310714722000
775	0.366016803779070	0.636397740635627	0.00240000000000000	0.000553000000000000	14.9857677173751	1.67804718018000
776	0.369122697674419	0.623181088372093	0.00238839026873718	0.000515000000000000	14.9186708212430	1.67438507080000
777	0.371957453488372	0.609752790289433	0.00237501603015920	0.000481000000000000	14.8519601729662	1.67842864990000
778	0.374692744186047	0.597066139534884	0.00236005971708175	0.000451000000000000	14.7856330562654	1.68725967408000
779	0.377477767441860	0.586244808609824	0.00234370376232054	0.000426000000000000	14.7196867774202	1.68481826782000
780	0.380262790697674	0.575985655813953	0.00232613059869128	0.000409000000000000	14.6541186650532	1.68376922608000
781	0.383047813953488	0.565445413953488	0.00230752265900967	0.000391000000000000	14.5889260699164	1.69139862060000
782	0.385832837209302	0.554905172093023	0.00228806237609142	0.000378000000000000	14.5241063646799	1.69216156006000
783	0.388660488372093	0.544364930232558	0.00226793218275222	0.000366000000000000	14.4596569437226	1.68708801270000
784	0.391402883720930	0.533824688372093	0.00224731451180779	0.000360000000000000	14.3955752229259	1.69736862182000
785	0.393947238507301	0.523150794218950	0.00222639179607384	0.000357000000000000	14.3318586394686	1.69586181640000
786	0.396330232558140	0.512744204651163	0.00220534646836605	0.000355000000000000	14.2685046516247	1.69288635254000
787	0.398509924283396	0.502937720518584	0.00218436096150015	0.000353000000000000	14.2055107385635	1.70349121094000
788	0.400614883720930	0.493698930232558	0.00216361770829183	0.000349000000000000	14.1428744001513	1.70177459716000
789	0.402757209302326	0.485255235262466	0.00214329914155679	0.000346000000000000	14.0805931567555	1.69782638550000
790	0.404899534883721	0.477095906976744	0.00212358769411075	0.000346000000000000	14.0186645490508	1.70541763306000
791	0.407041860465116	0.468794395348837	0.00210466579876941	0.000347000000000000	13.9570861378276	1.70146942138000
792	0.409184186046512	0.460492883720930	0.00208671588834847	0.000347000000000000	13.8958555038021	1.70183181762000
793	0.411173488372093	0.452002966920609	0.00206992039566364	0.000347000000000000	13.8349702474289	1.71298980712000
794	0.413468837209302	0.443889860465116	0.00205446175353062	0.000352000000000000	13.7744279887151	1.70763015748000
795	0.416874300211416	0.436617909732436	0.00204052239476511	0.000359000000000000	13.7142263670369	1.71062469482000
796	0.421181209302326	0.430050437209302	0.00202828475218283	0.000369000000000000	13.6543630409574	1.71539306640000
797	0.427062603622650	0.424379674955237	0.00201793125859947	0.000379000000000000	13.5948356880475	1.70654296876000
798	0.432321302325581	0.419017460465116	0.00200964434683075	0.000387000000000000	13.5356420047073	1.71546936036000
799	0.434826063965576	0.413392593240663	0.00200360644969235	0.000393000000000000	13.4767797059905	1.72012329102000
800	0.437034418604651	0.407963060465116	0.00200000000000000	0.000403000000000000	13.4182465254302	1.71091079712000
801	0.440284985688730	0.402548979120399	0.00199771516882508	0.000413000000000000	13.3600402148667	1.72256469726000
802	0.443461395348837	0.398386865116279	0.00199554090876062	0.000424000000000000	13.3021585442767	1.72544479370000
803	0.445710837209302	0.396373692429777	0.00199350782490478	0.000434000000000000	13.2445993016049	1.72098159790000
804	0.447746046511628	0.394766334883721	0.00199164652235570	0.000442000000000000	13.1873602925969	1.73248291016000
805	0.449781255813954	0.392945358139535	0.00198998760621154	0.000454000000000000	13.1304393406345	1.72779083252000
806	0.452030697674419	0.391124381395349	0.00198856168157047	0.000467000000000000	13.0738342865715	1.73175811768000
807	0.455244186046512	0.389301809971562	0.00198739935353062	0.000482000000000000	13.0175429885727	1.74036026000000
808	0.458457674418605	0.387503851162791	0.00198653122719016	0.000497000000000000	12.9615633219536	1.73170089722000
809	0.460707116279070	0.385724531601601	0.00198598790764723	0.000511000000000000	12.9058931790220	1.74182891846000
810	0.462742325581395	0.384054706976744	0.00198580000000000	0.000527000000000000	12.8505304689216	1.74160003662000
811	0.464884651162791	0.382615442027716	0.00199207057440978	0.000547000000000000	12.7954731174767	1.74125671386000
812	0.467026976744186	0.381248260465116	0.00200989493123479	0.000567000000000000	12.7407190670387	1.75128936768000
813	0.469197490820073	0.379846371071713	0.00203779202086848	0.000583000000000000	12.6862662763347	1.74594879150000
814	0.471311627906977	0.378441813953488	0.00207428079370435	0.000594000000000000	12.6321127203169	1.75548553466000
815	0.473104416156671	0.377027879069768	0.00211788020013588	0.000603000000000000	12.5782563900138	1.75668716430000
816	0.475167813953488	0.375613944186047	0.00216710919055653	0.000615000000000000	12.5246952923834	1.75224304200000
817	0.478702651162791	0.374073890642327	0.00222048671535979	0.000633000000000000	12.4714274501676	1.76130294800000
818	0.482880186046512	0.372807497674419	0.00227653172493914	0.000654000000000000	12.4184509017477	1.75720214844000
819	0.486736372093023	0.371990954977633	0.00233376316968805	0.000674000000000000	12.3657637010020	1.76322937012000
820	0.490592558139535	0.371564948837209	0.00239070000000000	0.000691000000000000	12.3133639171647	1.76200866700000
821	0.494448744186046	0.371511242610653	0.00246387176635647	0.000708000000000000	12.2612496346863	1.76483154296000
822	0.498304930232558	0.371479255813953	0.00255903229119984	0.000724000000000000	12.2094189530949	1.76853179932000
823	0.502264936672630	0.371447120930233	0.00265853693286499	0.000740000000000000	12.1578699868600	1.76200866700000
824	0.506017302325581	0.371414986046512	0.00274474104968675	0.000758000000000000	12.1066008652566	1.76822662354000
825	0.509313898712687	0.371372139534884	0.00280000000000000	0.000775000000000000	12.0556097322311	1.76651000976000
826	0.512230046511628	0.371329293023256	0.00282809243904782	0.000786000000000000	12.0048947462692	1.76975250244000
827	0.514667466940264	0.371297158139535	0.00284786753333874	0.000796000000000000	11.9544540802641	1.76849365234000
828	0.516943162790698	0.371265023255814	0.00286428640810575	0.000799000000000000	11.9042859213866	1.76601409912000
829	0.519299720930233	0.371222176744186	0.00288231018858183	0.000802000000000000	11.8543884709566	1.76830291748000
830	0.521656279069767	0.371179330232558	0.00290690000000000	0.000803000000000000	11.8047599443159	1.76382064820000
831	0.524012837209302	0.371147195348837	0.00294056164162274	0.000803000000000000	11.7553985707017	1.76614761352000
832	0.526369395348837	0.371115060465116	0.00298184915817830	0.000801000000000000	11.7063025931224	1.76137924194000
833	0.528700338725986	0.371072213953488	0.00302979604309832	0.000794000000000000	11.6574702682337	1.76469802856000
834	0.531082511627907	0.371029367441860	0.00308343578981442	0.000785000000000000	11.6088998662168	1.76290512084000
835	0.533599651041456	0.370997232558140	0.00314180189175823	0.000775000000000000	11.5605896706570	1.76158905030000
836	0.536224093023256	0.370965097674419	0.00320392784236138	0.000764000000000000	11.5125379784242	1.75836563110000
837	0.538981266046512	0.370922251162791	0.00326884713505551	0.000757000000000000	11.4647430995543	1.75563812256000
838	0.541794139534884	0.370879404651163	0.00333559326327223	0.000751000000000000	11.4172033571318	1.75531387330000
839	0.544579162790698	0.370847269767442	0.00340319972044319	0.000739000000000000	11.3699170871737	1.75176620484000
840	0.547364186046512	0.370815134883721	0.00347070000000000	0.000726000000000000	11.3228826385144	1.75344467164000
841	0.550149209302326	0.370775960930233	0.00354363583495919	0.000715000000000000	11.2760983726923	1.75052642822000
842	0.552934232558140	0.370729441860465	0.00362631315593621	0.000703000000000000	11.2295626638363	1.75140380860000
843	0.555845847780127	0.370666924904863	0.00371591175276112	0.000692000000000000	11.1832738985550	1.74844741822000
844	0.558504279069767	0.370600902325581	0.00380961141526395	0.000685000000000000	11.1372304758260	1.75039291382000
845	0.560657733615222	0.370547344186047	0.00390459193327476	0.000678000000000000	11.0914308068864	1.74831390380000
846	0.562360465116279	0.370493786046512	0.00399803309662358	0.000669000000000000	11.0458733151247	1.74953460694000
847	0.563508139534884	0.370429516279070	0.00408711469514047	0.000661000000000000	11.0005564359739	1.74827575684000
848	0.564502790697674	0.370365246511628	0.00416901651865548	0.000651000000000000	10.9554786168048	1.74819946290000
849	0.565573953488372	0.370311688372093	0.00424091835699864	0.000643000000000000	10.9106383168217	1.74768447876000
850	0.566645116279070	0.370258130232558	0.00430000000000000	0.000637000000000000	10.8660340069579	1.74850463868000
851	0.567716279069767	0.370193860465116	0.00434848782520848	0.000633000000000000	10.8216641697729	1.75004959106000
852	0.568787441860465	0.370129590697674	0.00439130146252539	0.000632000000000000	10.7775272993505	1.75046920776000
853	0.569789177433247	0.370076032558140	0.00442966058030936	0.000631000000000000	10.7336219011979	1.75359725952000
854	0.570929767441861	0.370022474418605	0.00446478484691902	0.000633000000000000	10.6899464921460	1.75291061402000
855	0.572554993298460	0.369943597885835	0.00449789393071300	0.000639000000000000	10.6464996002498	1.75285339356000
856	0.574571720930233	0.369893934883721	0.00453020750004995	0.000647000000000000	10.6032797646914	1.74968719482000
857	0.577032782756665	0.370252832633974	0.00456294522328849	0.000656000000000000	10.5602855356822	1.75331115722000
858	0.579713302325581	0.370857981395349	0.00459732676878725	0.000662000000000000	10.5175154743673	1.75369262696000
859	0.582284093023256	0.371358691784631	0.00463457180490488	0.000666000000000000	10.4749681527306	1.75643920898000
860	0.584854883720930	0.371864874418605	0.00467590000000000	0.000674000000000000	10.4326421535001	1.75676345826000
861	0.587425674418605	0.372369674281070	0.00472019594455476	0.000680000000000000	10.3905360700551	1.76181793212000
862	0.589996465116279	0.372871767441860	0.00476568345151367	0.000690000000000000	10.3486485063340	1.76069259644000
863	0.592659069767442	0.373364502325581	0.00481259102292896	0.000705000000000000	10.3069780767425	1.76280975342000
864	0.595138046511628	0.373857237209302	0.00486114716085283	0.000724000000000000	10.2655234060635	1.76235198974000
865	0.597231404651163	0.374359330370093	0.00491158036733748	0.000751000000000000	10.2242831293672	1.76486968994000
866	0.598994232558140	0.374864130232558	0.00496411914443514	0.000786000000000000	10.1832558919227	1.76475524902000
867	0.600343897674419	0.375321654258328	0.00501899199419801	0.000822000000000000	10.1424403491097	1.76568984986000
868	0.601565023255814	0.375871023255814	0.00507642741867831	0.000860000000000000	10.1018351663319	1.76708221436000
869	0.602850418604651	0.376851561530546	0.00513665391992823	0.000899000000000000	10.0614390189307	1.76824569702000
870	0.604135813953489	0.378034772093023	0.00519990000000000	0.000938000000000000	10.0212505920997	1.76578521728000
871	0.605421209302326	0.379135365606475	0.00528300290357339	0.000979000000000000	9.98126858080066	1.76765441894000
872	0.606706604651163	0.380241367441861	0.00538741426652007	0.00102200000000000	9.94149168967920	1.76715850830000
873	0.607979146046512	0.381344665116279	0.00549028417768004	0.00107400000000000	9.90191863298248	1.76687240600000
874	0.609277395348837	0.382447962790698	0.00556876272589335	0.00113300000000000	9.86254813447691	1.76286697388000
875	0.610643088234281	0.383551260465116	0.00560000000000000	0.00119800000000000	9.82337892736693	1.76548004150000
876	0.612062418604651	0.384654558139535	0.00559977120000000	0.00126400000000000	9.78440975421453	1.76002502442000
877	0.613548161068045	0.385757855813954	0.00559922560000000	0.00134500000000000	9.74563936685955	1.76395416260000
878	0.615061674418605	0.386861153488372	0.00559857440000000	0.00143000000000000	9.70706652634075	1.76069259644000
879	0.616561302325582	0.387990859883721	0.00559802880000000	0.00152700000000000	9.66869000281764	1.76149368286000
880	0.618060930232558	0.389067748837209	0.00559780000000000	0.00163600000000000	9.63050857549309	1.75907135010000
881	0.619560558139535	0.390001377690244	0.00560522427190151	0.00175200000000000	9.59252103253662	1.75712585450000
882	0.621060186046512	0.390888725581395	0.00562617696676094	0.00186700000000000	9.55472617100847	1.75384521484000
883	0.622588652951699	0.391788502325581	0.00565867790331060	0.00199200000000000	9.51712279678441	1.75386428834000
884	0.624059441860465	0.392688279069767	0.00570074690028282	0.00212100000000000	9.47970972448123	1.75220489502000
885	0.625398769881282	0.393598767441860	0.00575040377640992	0.00226200000000000	9.44248577738298	1.75226211548000
886	0.626630232558139	0.394509255813953	0.00580566835042422	0.00241400000000000	9.40544978736790	1.75014495850000
887	0.627725739957717	0.395401365821384	0.00586456044105806	0.00258100000000000	9.36860059483605	1.74972534180000
888	0.628772558139535	0.396308809302326	0.00592509986704375	0.00275400000000000	9.33193704863758	1.74680709838000
889	0.629843720930233	0.397273819860465	0.00598530644711363	0.00293200000000000	9.29545800600181	1.74348831176000
890	0.630914883720930	0.398258325581395	0.00604320000000000	0.00311600000000000	9.25916233246686	1.74497604370000
891	0.631986046511628	0.399233083720930	0.00610445045409622	0.00330500000000000	9.22304890180998	1.74129486084000
892	0.633057209302326	0.400207841860465	0.00617461978170234	0.00349100000000000	9.18711659597858	1.74228668212000
893	0.634128372093023	0.401182600000000	0.00625156586741081	0.00367400000000000	9.15136430502191	1.73904418946000
894	0.635199534883721	0.402157358139535	0.00633314659581406	0.00383300000000000	9.11579092702330	1.73919677734000
895	0.636270697674419	0.403132116279070	0.00641721985150452	0.00398300000000000	9.08039536803318	1.73671722412000
896	0.637341860465116	0.404106874418605	0.00650164351907461	0.00412100000000000	9.04517654200263	1.73673629760000
897	0.638413023255814	0.405080300921337	0.00658427548311677	0.00425600000000000	9.01013337071757	1.73610687256000
898	0.639484186046512	0.406056390697674	0.00666297362822344	0.00438400000000000	8.97526478373361	1.73755645752000
899	0.640555348837209	0.407057702621118	0.00673559583898704	0.00450600000000000	8.94056971831152	1.73580169678000
900	0.641626511627907	0.408027330232558	0.00680000000000000	0.00463300000000000	8.90604711935321	1.73696517944000
901	0.642697674418605	0.408929811573824	0.00685422645441797	0.00476600000000000	8.87169593933845	1.73944473266000
902	0.643768837209302	0.409741190697674	0.00689965897054991	0.00491500000000000	8.83751513826207	1.73587799072000
903	0.644869754521964	0.410408192065663	0.00693917057071826	0.00507800000000000	8.80350368357182	1.74142837524000
904	0.645911162790698	0.411026586046512	0.00697563427724544	0.00526700000000000	8.76966055010678	1.73881530762000
905	0.646822501291990	0.411659899794802	0.00701192311245388	0.00547200000000000	8.73598472003634	1.74160003662000
906	0.647625023255814	0.412290558139535	0.00705091009866601	0.00572100000000000	8.70247518279978	1.74354553222000
907	0.648290674418605	0.412921216484268	0.00709546825820426	0.00599400000000000	8.66913093504641	1.74177169800000
908	0.648910418604651	0.413554530232558	0.00714847061339105	0.00631600000000000	8.63595098057620	1.74625396728000
909	0.649553116279070	0.414197227906977	0.00721279018654882	0.00666300000000000	8.60293433028109	1.74371719360000
910	0.650195813953488	0.414839925581395	0.00729130000000000	0.00704600000000000	8.57008000208672	1.74982070922000
911	0.650838511627907	0.415509446863600	0.00741871078467648	0.00743800000000000	8.53738702089480	1.75159454346000
912	0.651481209302326	0.416103897674419	0.00762197461763223	0.00783700000000000	8.50485441852592	1.75331115722000
913	0.652138513742072	0.416622016884690	0.00789232654037283	0.00823400000000000	8.47248123366300	1.75622940064000
914	0.652766604651163	0.416896558139535	0.00822100159440384	0.00862100000000000	8.44026651179517	1.75519943238000
915	0.653329235611933	0.416822836935705	0.00859923482123082	0.00899400000000000	8.40820930516219	1.75781250000000
916	0.653837767441860	0.416703748837209	0.00901826126235934	0.00935400000000000	8.37630867269947	1.76116943360000
917	0.654278134366925	0.416618055813954	0.00946931595929495	0.00968300000000000	8.34456367998343	1.76443099976000
918	0.654694697674419	0.416532362790698	0.00994363395354322	0.0100000000000000	8.31297339917756	1.77068710328000
919	0.655123162790698	0.416435958139535	0.0104324502866097	0.0103200000000000	8.28153690897878	1.76916122436000
920	0.655551627906977	0.416339553488372	0.0109270000000000	0.0106500000000000	8.25025329456448	1.77181243896000
921	0.655980093023256	0.416254980635355	0.0115036010141463	0.0109900000000000	8.21912164753991	1.77104949952000
922	0.656408558139535	0.416168167441860	0.0122023293415740	0.0113300000000000	8.18814106588611	1.77577972412000
923	0.656944139534884	0.416086228065991	0.0129600571619286	0.0116700000000000	8.15731065390831	1.77604675292000
924	0.657265488372093	0.415953934883721	0.0137136566548555	0.0120000000000000	8.12662952218482	1.77848815918000
925	0.657204279069767	0.415045346223415	0.0144000000000000	0.0123100000000000	8.09609678751633	1.77978515626000
926	0.657051255813953	0.413661646511628	0.0149935614899273	0.0126000000000000	8.06571157287577	1.78243637084000
927	0.656523325581395	0.412514157085926	0.0155385172724196	0.0128200000000000	8.03547300735854	1.78581237792000
928	0.655765860465116	0.411369358139535	0.0160762923099483	0.0129900000000000	8.00538022613321	1.78588867188000
929	0.655123162790698	0.410364101874921	0.0166483115649846	0.0130700000000000	7.97543237039273	1.78621292114000
930	0.654480465116279	0.409098493023256	0.0172960000000000	0.0131000000000000	7.94562858730599	1.78688049316000
931	0.653837767441861	0.406454438860468	0.0180307895409690	0.0129900000000000	7.91596802996994	1.78642272950000
932	0.653195069767442	0.402907172093023	0.0188316148812305	0.0128300000000000	7.88644985736199	1.78960800170000
933	0.652520237209302	0.399082448612792	0.0196911551343025	0.0125300000000000	7.85707323429300	1.78863525390000
934	0.651909674418605	0.395023413953488	0.0206020894137028	0.0121800000000000	7.82783733136059	1.78874969482000
935	0.651424080620155	0.391092246511628	0.0215570968329493	0.0117500000000000	7.79874132490292	1.78804397584000
936	0.651052744186046	0.387161079069767	0.0225488565055598	0.0112600000000000	7.76978439695285	1.78863525390000
937	0.650820658914729	0.383220540775194	0.0235700475450523	0.0107000000000000	7.74096573519258	1.78945541382000
938	0.650624279069767	0.379277320930233	0.0246133490649446	0.0100800000000000	7.71228453290863	1.78745269776000
939	0.650410046511628	0.375335441860465	0.0256714401787545	0.00943300000000000	7.68373998894728	1.78583145142000
940	0.650195813953488	0.371393562790698	0.0267370000000000	0.00875400000000000	7.65533130767034	1.78699493408000
941	0.649981581395349	0.367555858532312	0.0279011295452725	0.00808800000000000	7.62705769891142	1.78577423096000
942	0.649767348837209	0.363509804651163	0.0292236632871515	0.00744600000000000	7.59891837793252	1.78363800048000
943	0.649576069767442	0.358804957195637	0.0306503805231369	0.00682200000000000	7.57091256538100	1.78407669068000
944	0.649338883720930	0.353762223255814	0.0321270605507284	0.00625000000000000	7.54303948724700	1.78012847900000
945	0.648891584973167	0.348599247062749	0.0335994826674260	0.00570400000000000	7.51529837482120	1.78169250488000
946	0.648267720930233	0.343350520930233	0.0350134261707296	0.00523400000000000	7.48768846465293	1.77850723266000
947	0.647460228980322	0.338143329435011	0.0363146703581389	0.00480200000000000	7.46020899850873	1.77999496460000
948	0.646553860465116	0.332938818604651	0.0374489945271538	0.00444500000000000	7.43285922333123	1.77928924560000
949	0.645696930232558	0.327723321632908	0.0383621779752742	0.00410900000000000	7.40563839119839	1.77377700806000
950	0.644840000000000	0.322548539534884	0.0390000000000000	0.00379900000000000	7.37854575928311	1.77509307862000
951	0.643983069767442	0.317319848658484	0.0394474748738780	0.00351900000000000	7.35158058981326	1.77246093750000
952	0.643126139534884	0.312458186046512	0.0398330467142764	0.00327400000000000	7.32474215003194	1.77408218384000
953	0.642281811217510	0.308452387375145	0.0401676395859268	0.00304600000000000	7.29802971215825	1.76982879638000
954	0.641412279069767	0.304702967441860	0.0404621775535609	0.00285200000000000	7.27144255334823	1.78052902222000
955	0.640475094535244	0.300834732665895	0.0407275846819105	0.00266600000000000	7.24497995565635	1.77024841308000
956	0.639484186046512	0.296969172093023	0.0409747850357073	0.00250400000000000	7.21864120599713	1.77425384522000
957	0.638427117503060	0.293103611520152	0.0412147026796829	0.00235800000000000	7.19242559610727	1.77827835084000
958	0.637341860465116	0.289235376744186	0.0414582616785691	0.00224200000000000	7.16633242250803	1.77497863770000
959	0.636270697674419	0.285357767441861	0.0417163860970976	0.00213300000000000	7.14036098646795	1.78056716918000
960	0.635199534883721	0.281480158139535	0.0420000000000000	0.00204700000000000	7.11451059396592	1.78121566772000
961	0.634128372093023	0.277654177543455	0.0423270000000000	0.00197500000000000	7.08878055565455	1.78274154664000
962	0.633057209302326	0.273746362790698	0.0426960000000000	0.00191700000000000	7.06317018682390	1.78133010864000
963	0.632010391120507	0.269747389118994	0.0430890000000000	0.00186000000000000	7.03767880736548	1.78333282470000
964	0.630914883720930	0.265305600000000	0.0434880000000000	0.00180800000000000	7.01230574173660	1.77715301514000
965	0.629683421044072	0.259647293275693	0.0438750000000000	0.00175300000000000	6.98705031892504	1.78634643554000
966	0.628344093023256	0.253501386046512	0.0442320000000000	0.00169300000000000	6.96191187241401	1.77900314332000
967	0.626873304114490	0.247608652960311	0.0445410000000000	0.00163900000000000	6.93688974014737	1.77776336670000
968	0.625344837209302	0.241718595348837	0.0447840000000000	0.00158900000000000	6.91198326449530	1.78121566772000
969	0.623845209302326	0.235501898203546	0.0449430000000000	0.00155400000000000	6.88719179222010	1.77732467652000
970	0.622345581395349	0.229935804651163	0.0450000000000000	0.00152800000000000	6.86251467444238	1.78089141846000
971	0.620845953488372	0.225932269819709	0.0450000000000000	0.00151000000000000	6.83795126660756	1.77602767944000
972	0.619346325581396	0.222416241860465	0.0450000000000000	0.00149100000000000	6.81350092845259	1.78588867188000
973	0.617882978994749	0.218901221080368	0.0450000000000000	0.00146300000000000	6.78916302397303	1.77286148072000
974	0.616347069767442	0.215453683720930	0.0450000000000000	0.00143100000000000	6.76493692139037	1.77627563476000
975	0.614607060602989	0.212017297567398	0.0450000000000000	0.00141300000000000	6.74082199311967	1.77059173584000
976	0.612705116279070	0.208495410232558	0.0448363076923077	0.00140800000000000	6.71681761573743	1.77467346192000
977	0.610606216216216	0.204732308051088	0.0444289230769231	0.00141400000000000	6.69292316994979	1.77209854126000
978	0.608420465116279	0.200813030697674	0.0439033846153846	0.00142100000000000	6.66913804056101	1.77515029908000
979	0.606278139534884	0.196751518574324	0.0433852307692308	0.00142300000000000	6.64546161644214	1.77068710328000
980	0.604135813953489	0.192625062325581	0.0430000000000000	0.00141700000000000	6.62189329050007	1.77291870118000
981	0.601993488372093	0.188532149302326	0.0427454065934066	0.00140700000000000	6.59843245964676	1.76527023316000
982	0.599851162790698	0.184439236279070	0.0425289670329670	0.00140600000000000	6.57507852476883	1.76504135132000
983	0.597757526427061	0.180345386005891	0.0423409230769231	0.00142000000000000	6.55183089069725	1.75897598266000
984	0.595566511627907	0.176251267906977	0.0421715164835165	0.00144100000000000	6.52868896617751	1.76153182984000
985	0.593103586274191	0.172157283720930	0.0420109890109890	0.00148100000000000	6.50565216383986	1.75815582276000
986	0.590424930232558	0.168063299534884	0.0418495824175824	0.00152400000000000	6.48271990016988	1.75346374512000
987	0.587483352415027	0.163969315348837	0.0416775384615385	0.00156400000000000	6.45989159547933	1.75928115844000
988	0.584426418604651	0.159875331162791	0.0414850989010989	0.00160700000000000	6.43716667387720	1.74810409546000
989	0.581427162790698	0.155781346976744	0.0412625054945055	0.00165200000000000	6.41454456324102	1.75325393676000
990	0.578427906976744	0.151687362790698	0.0410000000000000	0.00171600000000000	6.39202469518845	1.74629211426000
991	0.575428651162791	0.147593244691784	0.0406714537815126	0.00179300000000000	6.36960650504904	1.75302505494000
992	0.572429395348837	0.143499394418605	0.0402667563025210	0.00189100000000000	6.34728943183632	1.74201965332000
993	0.569430139534884	0.139406481395349	0.0398001764705882	0.00199400000000000	6.32507291822006	1.74402236938000
994	0.566430883720930	0.135313568372093	0.0392859831932773	0.00208700000000000	6.30295641049881	1.74295425416000
995	0.563431627906977	0.131219718098914	0.0387384453781513	0.00217800000000000	6.28093935857262	1.74119949340000
996	0.560432372093023	0.127125600000000	0.0381718319327731	0.00227200000000000	6.25902121591606	1.72899246216000
997	0.557433116279070	0.123031615813954	0.0376004117647059	0.00236600000000000	6.23720143955143	1.73524856568000
998	0.554433860465116	0.118937631627907	0.0370384537815126	0.00246400000000000	6.21547949002218	1.72643661500000
999	0.551434604651163	0.114843647441860	0.0365002268907563	0.00256000000000000	6.19385483136661	1.73358917236000
1000	0.548435348837209	0.110749663255814	0.0360000000000000	0.00265400000000000	6.17232693109172	1.71895980834000
1001	0.545436093023256	0.106655679069767	0.0355282477941176	0.00275100000000000	6.15089526014739	1.73372268676000
1002	0.542436837209302	0.102561694883721	0.0350652176470588	0.00287000000000000	6.12955929290063	1.71768188476000
1003	0.539437581395349	0.0984677106976744	0.0346098375000000	0.00299600000000000	6.10831850711018	1.72292709350000
1004	0.536438325581396	0.0943737265116279	0.0341610352941176	0.00313600000000000	6.08717238390125	1.71937942504000
1005	0.533439069767442	0.0902797423255814	0.0337177389705882	0.00328200000000000	6.06612040774052	1.72479629516000
1006	0.530439813953489	0.0861857581395349	0.0332788764705882	0.00343000000000000	6.04516206641129	1.70421600342000
1007	0.527440558139536	0.0820917739534884	0.0328433757352941	0.00357900000000000	6.02429685098891	1.71503067016000
1008	0.524441302325582	0.0779977897674418	0.0324101647058824	0.00373500000000000	6.00352425581634	1.70150756836000
1009	0.521442046511629	0.0739038055813953	0.0319781713235294	0.00389400000000000	5.98284377848000	1.71646118164000
1010	0.518442790697676	0.0698098213953488	0.0315463235294118	0.00405700000000000	5.96225491978576	1.69380187988000
1011	0.515443534883723	0.0657158372093023	0.0311135492647059	0.00422200000000000	5.94175718373513	1.70469284058000
1012	0.512444279069770	0.0616218530232558	0.0306787764705882	0.00438800000000000	5.92135007750171	1.69317245484000
1013	0.509445023255817	0.0575278688372093	0.0302409330882353	0.00455400000000000	5.90103311140775	1.70137405396000
1014	0.506445767441863	0.0534338846511628	0.0297989470588235	0.00472200000000000	5.88080579890099	1.68464660644000
1015	0.503446511627910	0.0493399004651163	0.0293517463235294	0.00487700000000000	5.86066765653163	1.69092178344000
1016	0.500447255813957	0.0452459162790697	0.0288982588235294	0.00502400000000000	5.84061820392954	1.68636322022000
1017	0.497448000000004	0.0411519320930232	0.0284374125000000	0.00515200000000000	5.82065696378162	1.69109344482000
1018	0.494448744186051	0.0370579479069767	0.0279681352941177	0.00527900000000000	5.80078346180935	1.67699813842000
1019	0.491449488372098	0.0329639637209302	0.0274893551470588	0.00538600000000000	5.78099722674658	1.68403625488000
1020	0.488450232558145	0.0288699795348837	0.0270000000000000	0.00548100000000000	5.76129779031745	1.68342590332000
1021	0.485450976744193	0.0247759953488372	0.0264874458333333	0.00556100000000000	5.74168468721449	1.68128967286000
1022	0.482451720930240	0.0206820111627907	0.0259429000000000	0.00563100000000000	5.72215745507694	1.66555404664000
1023	0.479452465116287	0.0165880269767442	0.0253710375000000	0.00568300000000000	5.70271563446923	1.67911529542000
1024	0.476453209302334	0.0124940427906976	0.0247765333333333	0.00573400000000000	5.68335876885964	1.65983200074000
1025	0.473453953488381	0.00840005860465111	0.0241640625000000	0.00579000000000000	5.66408640459913	1.66685104370000
1026	0.470454697674429	0.00430607441860460	0.0235383000000000	0.00585700000000000	5.64489809090034	1.66021347046000
1027	0.467455441860476	0.000212090232558096	0.0229039208333333	0.00594800000000000	5.62579337981677	1.66021347046000
1028	0.464456186046523	0.000388189395348842	0.0222656000000000	0.00605000000000000	5.60677182622219	1.66116714478000
1029	0.461456930232570	0.000797587813953495	0.0216280125000000	0.00616400000000000	5.58783298779006	1.65426254272000
1030	0.458457674418618	0.00120698623255815	0.0209958333333333	0.00627400000000000	5.56897642497334	1.65874481202000
1031	0.455458418604665	0.00161638465116280	0.0203737375000000	0.00638900000000000	5.55020170098424	1.64234161376000
1032	0.452459162790713	0.00202578306976745	0.0197664000000000	0.00650300000000000	5.53150838177433	1.65054321290000
1033	0.449459906976760	0.00243518148837210	0.0191784958333333	0.00661000000000000	5.51289603601469	1.64093017578000
1034	0.446460651162807	0.00284457990697675	0.0186147000000000	0.00671700000000000	5.49436423507624	1.65376663208000
1035	0.443461395348855	0.00325397832558140	0.0180796875000000	0.00679900000000000	5.47591255301031	1.64148330688000
1036	0.440462139534902	0.00366337674418605	0.0175781333333333	0.00687100000000000	5.45754056652924	1.65540695190000
1037	0.437462883720950	0.00407277516279071	0.0171147125000000	0.00692600000000000	5.43924785498728	1.62103652954000
1038	0.434463627906998	0.00448217358139536	0.0166941000000000	0.00697000000000000	5.42103400036150	1.64154052734000
1039	0.431464372093045	0.00489157200000001	0.0163209708333333	0.00700400000000000	5.40289858723302	1.63013458252000
1040	0.428465116279093	0.00530097041860466	0.0160000000000000	0.00702900000000000	5.38484120276821	1.63022994996000
1041	0.425465860465140	0.00571036883720931	0.0157062666666667	0.00701800000000000	5.36686143670020	1.62176132202000
1042	0.422466604651188	0.00611976725581396	0.0154128000000000	0.00699800000000000	5.34895888131045	1.63307189942000
1043	0.419467348837236	0.00652916567441861	0.0151212000000000	0.00696700000000000	5.33113313141049	1.61893844604000
1044	0.416468093023284	0.00693856409302327	0.0148330666666667	0.00690400000000000	5.31338378432385	1.61577224732000
1045	0.413468837209331	0.00734796251162792	0.0145500000000000	0.00685000000000000	5.29571043986806	1.62527084350000
1046	0.410469581395379	0.00775736093023257	0.0142736000000000	0.00679200000000000	5.27811270033685	1.60871505738000
1047	0.407470325581427	0.00816675934883722	0.0140054666666667	0.00671900000000000	5.26059017048251	1.61291122436000
1048	0.404471069767475	0.00857615776744187	0.0137472000000000	0.00666200000000000	5.24314245749829	1.62403106690000
1049	0.401471813953523	0.00898555618604652	0.0135004000000000	0.00659600000000000	5.22576917100111	1.61539077758000
1050	0.398472558139571	0.00939495460465117	0.0132666666666667	0.00650400000000000	5.20846992301423	1.61390304566000
1051	0.395473302325619	0.00980435302325582	0.0130476000000000	0.00641900000000000	5.19124432795020	1.62210464478000
1052	0.392474046511667	0.0102137514418605	0.0128448000000000	0.00634800000000000	5.17409200259387	1.60005569458000
1053	0.389474790697715	0.0106231498604651	0.0126598666666667	0.00628100000000000	5.15701256608555	1.60850524902000
1054	0.386475534883763	0.0110325482790698	0.0124944000000000	0.00621200000000000	5.14000563990433	1.60821914672000
1055	0.383476279069811	0.0114419466976744	0.0123500000000000	0.00613900000000000	5.12307084785151	1.59563064576000
1056	0.380477023255859	0.0118513451162791	0.0122282666666667	0.00604500000000000	5.10620781603417	1.59013748168000
1057	0.377477767441907	0.0122607435348837	0.0121308000000000	0.00594800000000000	5.08941617284888	1.60900115966000
1058	0.374478511627955	0.0126701419534884	0.0120592000000000	0.00586700000000000	5.07269554896553	1.59725189208000
1059	0.371479255814003	0.0130795403720930	0.0120150666666667	0.00578900000000000	5.05604557731126	1.57377243042000
1060	0.368480000000051	0.0134889387906977	0.0120000000000000	0.00570500000000000	5.03946589305460	1.56009674072000
1061	0.365480744186099	0.0138983372093023	0.0120034500000000	0.00561600000000000	5.02295613358967	1.55874252320000
1062	0.362481488372148	0.0143077356279070	0.0120136000000000	0.00553400000000000	5.00651593852049	1.58367156982000
1063	0.359482232558196	0.0147171340465116	0.0120301500000000	0.00544500000000000	4.99014494964551	1.56829833984000
1064	0.356482976744244	0.0151265324651163	0.0120528000000000	0.00536400000000000	4.97384281094214	1.56837463378000
1065	0.353483720930293	0.0155359308837209	0.0120812500000000	0.00530300000000000	4.95760916855150	1.56618118286000
1066	0.350484465116341	0.0159453293023256	0.0121152000000000	0.00525900000000000	4.94144367076324	1.57228469848000
1067	0.347485209302389	0.0163547277209302	0.0121543500000000	0.00522400000000000	4.92534596800050	1.57121658326000
1068	0.344485953488438	0.0167641261395349	0.0121984000000000	0.00518000000000000	4.90931571280499	1.53406143188000
1069	0.341486697674486	0.0171735245581395	0.0122470500000000	0.00512100000000000	4.89335255982218	1.58613204956000
1070	0.338487441860535	0.0175829229767442	0.0123000000000000	0.00506500000000000	4.87745616578661	1.51990890502000
1071	0.335488186046583	0.0179923213953488	0.0123569500000000	0.00503200000000000	4.86162618950731	1.56122207642000
1072	0.332488930232632	0.0184017198139535	0.0124176000000000	0.00502500000000000	4.84586229185334	1.50110244750000
1073	0.329489674418680	0.0188111182325582	0.0124816500000000	0.00501500000000000	4.83016413573947	1.54325485230000
1074	0.326490418604729	0.0192205166511628	0.0125488000000000	0.00500500000000000	4.81453138611192	1.53865814208000
1075	0.323491162790777	0.0196299150697675	0.0126187500000000	0.00494700000000000	4.79896370993427	1.55239105224000
1076	0.320491906976826	0.0200393134883721	0.0126912000000000	0.00487800000000000	4.78346077617341	1.54390335084000
1077	0.317492651162875	0.0204487119069768	0.0127658500000000	0.00485100000000000	4.76802225578568	1.54256820678000
1078	0.314493395348923	0.0208581103255814	0.0128424000000000	0.00484100000000000	4.75264782170309	1.52303695678000
1079	0.311494139534972	0.0212675087441861	0.0129205500000000	0.00481600000000000	4.73733714881958	1.54098510742000
1080	0.308494883721021	0.0216769071627907	0.0130000000000000	0.00481100000000000	4.72208991397752	1.58355712890000
1081	0.305495627907070	0.0220863055813954	0.0130841487179487	0.00481300000000000	4.70690579595420	1.53751373292000
1082	0.302496372093118	0.0224957040000000	0.0131769846153846	0.00479800000000000	4.69178447544846	1.53787612916000
1083	0.299497116279167	0.0229051024186047	0.0132790923076923	0.00481600000000000	4.67672563506748	1.49015426636000
1084	0.296497860465216	0.0233145008372093	0.0133910564102564	0.00480400000000000	4.66172895931358	1.46234512330000
1085	0.293498604651265	0.0237238992558140	0.0135134615384615	0.00476300000000000	4.64679413457121	1.50913238526000
1086	0.290499348837314	0.0241332976744186	0.0136468923076923	0.00475500000000000	4.63192084909396	1.50127410888000
1087	0.287500093023363	0.0245426960930233	0.0137919333333333	0.00476200000000000	4.61710879299174	1.51142120362000
1088	0.284500837209412	0.0249520945116279	0.0139491692307692	0.00477100000000000	4.60235765821803	1.50997161866000
1089	0.281501581395461	0.0253614929302326	0.0141191846153846	0.00479700000000000	4.58766713855723	1.47821426392000
1090	0.278502325581510	0.0257708913488372	0.0143025641025641	0.00480100000000000	4.57303692961208	1.50175094604000
1091	0.275503069767559	0.0261802897674419	0.0144998923076923	0.00478000000000000	4.55846672879127	1.54170989990000
1092	0.272503813953608	0.0265896881860465	0.0147117538461538	0.00478300000000000	4.54395623529703	1.45463943482000
1093	0.269504558139657	0.0269990866046512	0.0149387333333333	0.00478300000000000	4.52950515011288	1.49217605590000
1094	0.266505302325706	0.0274084850232558	0.0151814153846154	0.00479000000000000	4.51511317599150	1.52120590210000
1095	0.263506046511755	0.0278178834418605	0.0154403846153846	0.00483700000000000	4.50078001744259	1.49765014648000
1096	0.260506790697804	0.0282272818604651	0.0157162256410256	0.00487600000000000	4.48650538072097	1.42286300660000
1097	0.257507534883854	0.0286366802790698	0.0160095230769231	0.00489200000000000	4.47228897381464	1.47314071656000
1098	0.254508279069903	0.0290460786976744	0.0163208615384615	0.00491100000000000	4.45813050643301	1.47920608520000
1099	0.251509023255952	0.0294554771162791	0.0166508256410256	0.00493274285714285	4.44402968999517	1.50224685668000
1100	0.248509767442001	0.0298648755348837	0.0170000000000000	0.00495645714285714	4.42998623761832	1.47518157958000
