450	0.0133132326	0.5144128742	1.43
451	0.0133098548	0.5140636339	1.43
452	0.0133058332	0.5137143234	1.43
453	0.0133010560	0.5133684526	1.43
454	0.0132941531	0.5130116849	1.43
455	0.0132827789	0.5126111362	1.43
456	0.0132674067	0.5121699618	1.43
457	0.0132485931	0.5116924372	1.43
458	0.0132268945	0.5111828381	1.43
459	0.0132028675	0.5106454401	1.43
460	0.0131770685	0.5100845190	1.43
461	0.0131500542	0.5095043503	1.43
462	0.0131223809	0.5089092098	1.43
463	0.0130946051	0.5083033730	1.43
464	0.0130672835	0.5076911156	1.43
465	0.0130409724	0.5070767133	1.43
466	0.0130162285	0.5064644416	1.43
467	0.0129936081	0.5058585764	1.43
468	0.0129736678	0.5052633931	1.43
469	0.0129569642	0.5046831675	1.43
470	0.0129435063	0.5041220406	1.43
471	0.0129304059	0.5035802301	1.43
472	0.0129172612	0.5030535712	1.43
473	0.0129041998	0.5025376727	1.43
474	0.0128913495	0.5020281435	1.43
475	0.0128788379	0.5015205922	1.43
476	0.0128667927	0.5010106278	1.43
477	0.0128553416	0.5004938590	1.43
478	0.0128446122	0.4999658945	1.43
479	0.0128347324	0.4994223432	1.43
480	0.0128258296	0.4988588138	1.43
481	0.0128180317	0.4982709152	1.43
482	0.0128114662	0.4976542561	1.43
483	0.0128062610	0.4970044453	1.43
484	0.0128025436	0.4963170916	1.43
485	0.0128004417	0.4955878038	1.43
486	0.0128000000	0.4948082669	1.43
487	0.0128000000	0.4939178356	1.43
488	0.0128000000	0.4929091883	1.43
489	0.0128000000	0.4917980054	1.43
490	0.0128000000	0.4905999672	1.43
491	0.0128000000	0.4893307538	1.43
492	0.0128000000	0.4880060454	1.43
493	0.0128000000	0.4866415225	1.43
494	0.0128000000	0.4852528651	1.43
495	0.0128000000	0.4838557535	1.43
496	0.0128000000	0.4824658681	1.43
497	0.0128000000	0.4810988890	1.43
498	0.0128000000	0.4797704965	1.43
499	0.0128000000	0.4784963708	1.43
500	0.0128000000	0.4772921921	1.43
501	0.0128000000	0.4761736409	1.43
502	0.0127999485	0.4751529306	1.43
503	0.0127990521	0.4741857053	1.43
504	0.0127970955	0.4732513583	1.43
505	0.0127941496	0.4723466082	1.43
506	0.0127902855	0.4714681733	1.43
507	0.0127855740	0.4706127722	1.43
508	0.0127800863	0.4697771234	1.43
509	0.0127738932	0.4689579453	1.43
510	0.0127670658	0.4681519565	1.43
511	0.0127596750	0.4673558753	1.43
512	0.0127517919	0.4665664203	1.43
513	0.0127434874	0.4657803100	1.43
514	0.0127348325	0.4649942629	1.43
515	0.0127258982	0.4642049974	1.43
516	0.0127167555	0.4634092320	1.43
517	0.0127074754	0.4626036852	1.43
518	0.0126980721	0.4617856058	1.43
519	0.0126868038	0.4609695982	1.43
520	0.0126730515	0.4601623052	1.43
521	0.0126571292	0.4593620570	1.43
522	0.0126393509	0.4585671840	1.43
523	0.0126200307	0.4577760162	1.43
524	0.0125994825	0.4569868841	1.43
525	0.0125780205	0.4561981179	1.43
526	0.0125559585	0.4554080478	1.43
527	0.0125336108	0.4546150040	1.43
528	0.0125112913	0.4538173169	1.43
529	0.0124893141	0.4530133167	1.43
530	0.0124679931	0.4522013336	1.43
531	0.0124476425	0.4513796978	1.43
532	0.0124285762	0.4505467398	1.43
533	0.0124111083	0.4497007896	1.43
534	0.0123954836	0.4488399302	1.43
535	0.0123808179	0.4479597925	1.43
536	0.0123667048	0.4470612845	1.43
537	0.0123530845	0.4461470095	1.43
538	0.0123398971	0.4452195712	1.43
539	0.0123270828	0.4442815730	1.43
540	0.0123145816	0.4433356187	1.43
541	0.0123023339	0.4423843116	1.43
542	0.0122902796	0.4414302554	1.43
543	0.0122783591	0.4404760535	1.43
544	0.0122665123	0.4395243096	1.43
545	0.0122546795	0.4385776272	1.43
546	0.0122428008	0.4376386099	1.43
547	0.0122308164	0.4367098611	1.43
548	0.0122186664	0.4357939844	1.43
549	0.0122062910	0.4348935835	1.43
550	0.0121936438	0.4340114200	1.43
551	0.0121807845	0.4331488992	1.43
552	0.0121677649	0.4323032936	1.43
553	0.0121546276	0.4314714788	1.43
554	0.0121414151	0.4306503303	1.43
555	0.0121281699	0.4298367238	1.43
556	0.0121149347	0.4290275348	1.43
557	0.0121017520	0.4282196390	1.43
558	0.0120886644	0.4274099119	1.43
559	0.0120757143	0.4265952292	1.43
560	0.0120629443	0.4257724665	1.43
561	0.0120503971	0.4249384993	1.43
562	0.0120381151	0.4240902032	1.43
563	0.0120261410	0.4232244538	1.43
564	0.0120145172	0.4223381268	1.43
565	0.0120032863	0.4214280977	1.43
566	0.0119924047	0.4204819302	1.43
567	0.0119816508	0.4194760720	1.43
568	0.0119710219	0.4184190986	1.43
569	0.0119605308	0.4173215003	1.43
570	0.0119501900	0.4161937673	1.43
571	0.0119400123	0.4150463896	1.43
572	0.0119300105	0.4138898575	1.43
573	0.0119201972	0.4127346612	1.43
574	0.0119105850	0.4115912909	1.43
575	0.0119011868	0.4104702367	1.43
576	0.0118920151	0.4093819888	1.43
577	0.0118830827	0.4083370373	1.43
578	0.0118744023	0.4073458725	1.43
579	0.0118659866	0.4064189846	1.43
580	0.0118578483	0.4055668637	1.43
581	0.0118500000	0.4048000000	1.43
582	0.0118420674	0.4041014008	1.43
583	0.0118337542	0.4034439825	1.43
584	0.0118251904	0.4028230993	1.43
585	0.0118165059	0.4022341050	1.43
586	0.0118078307	0.4016723537	1.43
587	0.0117992949	0.4011331994	1.43
588	0.0117910283	0.4006119961	1.43
589	0.0117831609	0.4001040977	1.43
590	0.0117758227	0.3996048583	1.43
591	0.0117691437	0.3991096319	1.43
592	0.0117632539	0.3986137724	1.43
593	0.0117582831	0.3981126339	1.43
594	0.0117543615	0.3976015703	1.43
595	0.0117516189	0.3970759357	1.43
596	0.0117501853	0.3965310841	1.43
597	0.0117501008	0.3959665682	1.43
598	0.0117508774	0.3954040109	1.43
599	0.0117523555	0.3948457154	1.43
600	0.0117544564	0.3942899055	1.43
601	0.0117571017	0.3937348051	1.43
602	0.0117602129	0.3931786380	1.43
603	0.0117637115	0.3926196282	1.43
604	0.0117675189	0.3920559995	1.43
605	0.0117715566	0.3914859759	1.43
606	0.0117757462	0.3909077811	1.43
607	0.0117800091	0.3903196390	1.43
608	0.0117842668	0.3897197736	1.43
609	0.0117884408	0.3891064088	1.43
610	0.0117924525	0.3884777683	1.43
611	0.0117962236	0.3878320760	1.43
612	0.0117996754	0.3871675559	1.43
613	0.0118030662	0.3864748337	1.43
614	0.0118068055	0.3857451478	1.43
615	0.0118108148	0.3849834034	1.43
616	0.0118150115	0.3841946111	1.43
617	0.0118193128	0.3833837813	1.43
618	0.0118236362	0.3825559244	1.43
619	0.0118278989	0.3817160510	1.43
620	0.0118320182	0.3808691715	1.43
621	0.0118359115	0.3800202964	1.43
622	0.0118394962	0.3791744361	1.43
623	0.0118426895	0.3783366012	1.43
624	0.0118454088	0.3775118019	1.43
625	0.0118475715	0.3767050490	1.43
626	0.0118490947	0.3759213527	1.43
627	0.0118498960	0.3751657236	1.43
628	0.0118496539	0.3744399155	1.43
629	0.0118469978	0.3737273544	1.43
630	0.0118419746	0.3730245695	1.43
631	0.0118348858	0.3723311193	1.43
632	0.0118260330	0.3716465623	1.43
633	0.0118157177	0.3709704570	1.43
634	0.0118042415	0.3703023620	1.43
635	0.0117919058	0.3696418358	1.43
636	0.0117790123	0.3689884370	1.43
637	0.0117658626	0.3683417240	1.43
638	0.0117527580	0.3677012555	1.43
639	0.0117400002	0.3670665900	1.43
640	0.0117278907	0.3664372859	1.43
641	0.0117167311	0.3658129019	1.43
642	0.0117068229	0.3651929965	1.43
643	0.0116984213	0.3645774271	1.43
644	0.0116902577	0.3639750841	1.43
645	0.0116817424	0.3633883201	1.43
646	0.0116730093	0.3628144664	1.43
647	0.0116641924	0.3622508545	1.43
648	0.0116554257	0.3616948158	1.43
649	0.0116468433	0.3611436817	1.43
650	0.0116385793	0.3605947836	1.43
651	0.0116307675	0.3600454528	1.43
652	0.0116235421	0.3594930209	1.43
653	0.0116170370	0.3589348191	1.43
654	0.0116113863	0.3583681789	1.43
655	0.0116067240	0.3577904316	1.43
656	0.0116031841	0.3571989088	1.43
657	0.0116009007	0.3565909418	1.43
658	0.0116000077	0.3559638619	1.43
659	0.0116010102	0.3553069341	1.43
660	0.0116042969	0.3546114024	1.43
661	0.0116095312	0.3538838963	1.43
662	0.0116163716	0.3531311607	1.43
663	0.0116244762	0.3523599407	1.43
664	0.0116335035	0.3515769810	1.43
665	0.0116431116	0.3507890266	1.43
666	0.0116529590	0.3500028225	1.43
667	0.0116627038	0.3492251134	1.43
668	0.0116720044	0.3484626444	1.43
669	0.0116805192	0.3477221604	1.43
670	0.0116879062	0.3470104062	1.43
671	0.0116938240	0.3463341269	1.43
672	0.0116979307	0.3457000672	1.43
673	0.0116998847	0.3451149721	1.43
674	0.0116985372	0.3445803210	1.43
675	0.0116917075	0.3440819860	1.43
676	0.0116799275	0.3436142650	1.43
677	0.0116638928	0.3431722482	1.43
678	0.0116442992	0.3427510259	1.43
679	0.0116218421	0.3423456883	1.43
680	0.0115972174	0.3419513256	1.43
681	0.0115711207	0.3415630281	1.43
682	0.0115442476	0.3411758861	1.43
683	0.0115172937	0.3407849896	1.43
684	0.0114909548	0.3403854291	1.43
685	0.0114659265	0.3399722947	1.43
686	0.0114429045	0.3395406766	1.43
687	0.0114225844	0.3390856652	1.43
688	0.0114056619	0.3386023505	1.43
689	0.0113919454	0.3380859043	1.43
690	0.0113782631	0.3375356698	1.43
691	0.0113644131	0.3369557138	1.43
692	0.0113505740	0.3363503119	1.43
693	0.0113369246	0.3357237395	1.43
694	0.0113236436	0.3350802720	1.43
695	0.0113109097	0.3344241851	1.43
696	0.0112989015	0.3337597542	1.43
697	0.0112877978	0.3330912549	1.43
698	0.0112777772	0.3324229625	1.43
699	0.0112690185	0.3317591527	1.43
700	0.0112617004	0.3311041008	1.43
701	0.0112560015	0.3304620825	1.43
702	0.0112521006	0.3298373733	1.43
703	0.0112501762	0.3292342485	1.43
704	0.0112500000	0.3286537978	1.43
705	0.0112500000	0.3280848941	1.43
706	0.0112500000	0.3275251407	1.43
707	0.0112500000	0.3269734124	1.43
708	0.0112500000	0.3264285844	1.43
709	0.0112500000	0.3258895317	1.43
710	0.0112500000	0.3253551292	1.43
711	0.0112500000	0.3248242522	1.43
712	0.0112500000	0.3242957755	1.43
713	0.0112500000	0.3237685743	1.43
714	0.0112500000	0.3232415235	1.43
715	0.0112500000	0.3227134982	1.43
716	0.0112500000	0.3221833735	1.43
717	0.0112500000	0.3216500244	1.43
718	0.0112500000	0.3211123259	1.43
719	0.0112519242	0.3205716749	1.43
720	0.0112608246	0.3200343446	1.43
721	0.0112759826	0.3194998560	1.43
722	0.0112963100	0.3189672703	1.43
723	0.0113207185	0.3184356481	1.43
724	0.0113481197	0.3179040505	1.43
725	0.0113774255	0.3173715383	1.43
726	0.0114075475	0.3168371724	1.43
727	0.0114373974	0.3163000137	1.43
728	0.0114658870	0.3157591230	1.43
729	0.0114919279	0.3152135612	1.43
730	0.0115144319	0.3146623893	1.43
731	0.0115323106	0.3141046681	1.43
732	0.0115444759	0.3135394585	1.43
733	0.0115498393	0.3129658214	1.43
734	0.0115488880	0.3123832826	1.43
735	0.0115445087	0.3117926855	1.43
736	0.0115370462	0.3111946352	1.43
737	0.0115267560	0.3105897176	1.43
738	0.0115138936	0.3099785188	1.43
739	0.0114987145	0.3093616250	1.43
740	0.0114814740	0.3087396221	1.43
741	0.0114624278	0.3081130962	1.43
742	0.0114418312	0.3074826333	1.43
743	0.0114199397	0.3068488196	1.43
744	0.0113970087	0.3062122411	1.43
745	0.0113732938	0.3055734838	1.43
746	0.0113490504	0.3049331338	1.43
747	0.0113245340	0.3042917772	1.43
748	0.0113000000	0.3036500000	1.43
749	0.0112701420	0.3030025219	1.43
750	0.0112306675	0.3023449055	1.43
751	0.0111833529	0.3016790012	1.43
752	0.0111299748	0.3010066595	1.43
753	0.0110723093	0.3003297308	1.43
754	0.0110121331	0.2996500657	1.43
755	0.0109512225	0.2989695146	1.43
756	0.0108913540	0.2982899279	1.43
757	0.0108343039	0.2976131562	1.43
758	0.0107818487	0.2969410498	1.43
759	0.0107357648	0.2962754592	1.43
760	0.0106978286	0.2956182350	1.43
761	0.0106698165	0.2949712275	1.43
762	0.0106535050	0.2943362873	1.43
763	0.0106500625	0.2937136338	1.43
764	0.0106511187	0.2930804148	1.43
765	0.0106533316	0.2924329557	1.43
766	0.0106565085	0.2917767594	1.43
767	0.0106604566	0.2911173291	1.43
768	0.0106649831	0.2904601677	1.43
769	0.0106698951	0.2898107781	1.43
770	0.0106750000	0.2891746635	1.43
771	0.0106801049	0.2885573267	1.43
772	0.0106850169	0.2879642708	1.43
773	0.0106895434	0.2874009987	1.43
774	0.0106934915	0.2868730135	1.43
775	0.0106966684	0.2863858182	1.43
776	0.0106988813	0.2859449157	1.43
777	0.0106999375	0.2855558091	1.43
778	0.0107000000	0.2852193872	1.43
779	0.0107000000	0.2849222275	1.43
780	0.0107000000	0.2846576268	1.43
781	0.0107000000	0.2844195570	1.43
782	0.0107000000	0.2842019897	1.43
783	0.0107000000	0.2839988963	1.43
784	0.0107000000	0.2838042487	1.43
785	0.0107000000	0.2836120184	1.43
786	0.0107000000	0.2834161770	1.43
787	0.0107000000	0.2832106962	1.43
788	0.0107000000	0.2829895475	1.43
789	0.0107000000	0.2827467027	1.43
790	0.0107000000	0.2824761333	1.43
791	0.0107000000	0.2821718110	1.43
792	0.0107000848	0.2818262395	1.43
793	0.0107029120	0.2813902625	1.43
794	0.0107093113	0.2808541424	1.43
795	0.0107186922	0.2802339897	1.43
796	0.0107304644	0.2795459151	1.43
797	0.0107440374	0.2788060291	1.43
798	0.0107588208	0.2780304423	1.43
799	0.0107742242	0.2772352652	1.43
800	0.0107896570	0.2764366083	1.43
801	0.0108045290	0.2756505823	1.43
802	0.0108182496	0.2748932977	1.43
803	0.0108302284	0.2741808651	1.43
804	0.0108398751	0.2735293950	1.43
805	0.0108465991	0.2729549980	1.43
806	0.0108498100	0.2724737847	1.43
807	0.0108486888	0.2720839625	1.43
808	0.0108425754	0.2717389105	1.43
809	0.0108320505	0.2714292646	1.43
810	0.0108177554	0.2711486110	1.43
811	0.0108003312	0.2708905360	1.43
812	0.0107804192	0.2706486258	1.43
813	0.0107586605	0.2704164667	1.43
814	0.0107356964	0.2701876450	1.43
815	0.0107121680	0.2699557468	1.43
816	0.0106887166	0.2697143586	1.43
817	0.0106659833	0.2694570664	1.43
818	0.0106446093	0.2691774567	1.43
819	0.0106252359	0.2688691156	1.43
820	0.0106085042	0.2685256295	1.43
821	0.0105946990	0.2681368714	1.43
822	0.0105810301	0.2676684130	1.43
823	0.0105669507	0.2671237028	1.43
824	0.0105526919	0.2665157068	1.43
825	0.0105384843	0.2658573906	1.43
826	0.0105245589	0.2651617201	1.43
827	0.0105111464	0.2644416611	1.43
828	0.0104984777	0.2637101795	1.43
829	0.0104867836	0.2629802409	1.43
830	0.0104762950	0.2622648113	1.43
831	0.0104672427	0.2615768564	1.43
832	0.0104598575	0.2609293420	1.43
833	0.0104543702	0.2603352339	1.43
834	0.0104510117	0.2598074979	1.43
835	0.0104500444	0.2593588455	1.43
836	0.0104551218	0.2589684957	1.43
837	0.0104677430	0.2586128165	1.43
838	0.0104866506	0.2582862860	1.43
839	0.0105105874	0.2579833823	1.43
840	0.0105382961	0.2576985833	1.43
841	0.0105685194	0.2574263671	1.43
842	0.0106000000	0.2571612118	1.43
843	0.0106314806	0.2568975954	1.43
844	0.0106617039	0.2566299959	1.43
845	0.0106894126	0.2563528915	1.43
846	0.0107133494	0.2560607601	1.43
847	0.0107322570	0.2557480798	1.43
848	0.0107448782	0.2554093286	1.43
849	0.0107499556	0.2550389846	1.43
850	0.0107482446	0.2546244064	1.43
851	0.0107425629	0.2541580845	1.43
852	0.0107335743	0.2536483209	1.43
853	0.0107219210	0.2531035282	1.43
854	0.0107082449	0.2525321195	1.43
855	0.0106931883	0.2519425075	1.43
856	0.0106773933	0.2513431053	1.43
857	0.0106615019	0.2507423256	1.43
858	0.0106461563	0.2501485813	1.43
859	0.0106319987	0.2495702854	1.43
860	0.0106196711	0.2490158506	1.43
861	0.0106098156	0.2484936900	1.43
862	0.0106030745	0.2480122163	1.43
863	0.0106000897	0.2475798425	1.43
864	0.0106026684	0.2471954067	1.43
865	0.0106130443	0.2468405967	1.43
866	0.0106304406	0.2465103919	1.43
867	0.0106539973	0.2462002838	1.43
868	0.0106828548	0.2459057641	1.43
869	0.0107161533	0.2456223243	1.43
870	0.0107530329	0.2453454561	1.43
871	0.0107926340	0.2450706510	1.43
872	0.0108340966	0.2447934007	1.43
873	0.0108765611	0.2445091968	1.43
874	0.0109191676	0.2442135309	1.43
875	0.0109610564	0.2439018946	1.43
876	0.0110013676	0.2435697795	1.43
877	0.0110392416	0.2432126772	1.43
878	0.0110740179	0.2428231317	1.43
879	0.0111062174	0.2423934122	1.43
880	0.0111366585	0.2419293472	1.43
881	0.0111661480	0.2414374723	1.43
882	0.0111954928	0.2409243232	1.43
883	0.0112254996	0.2403964356	1.43
884	0.0112569753	0.2398603450	1.43
885	0.0112907267	0.2393225871	1.43
886	0.0113275605	0.2387896975	1.43
887	0.0113682836	0.2382682119	1.43
888	0.0114137029	0.2377646660	1.43
889	0.0114646250	0.2372855952	1.43
890	0.0115218569	0.2368375353	1.43
891	0.0115862053	0.2364270220	1.43
892	0.0116887605	0.2360537759	1.43
893	0.0118836307	0.2357047570	1.43
894	0.0121566686	0.2353759205	1.43
895	0.0124917213	0.2350635795	1.43
896	0.0128726359	0.2347640468	1.43
897	0.0132832594	0.2344736357	1.43
898	0.0137074389	0.2341886589	1.43
899	0.0141290214	0.2339054297	1.43
900	0.0145318541	0.2336202609	1.43
901	0.0148997840	0.2333294656	1.43
902	0.0152166581	0.2330293568	1.43
903	0.0154663234	0.2327162476	1.43
904	0.0156326272	0.2323864508	1.43
905	0.0156994163	0.2320362797	1.43
906	0.0156679428	0.2316662760	1.43
907	0.0155632805	0.2312818090	1.43
908	0.0153958262	0.2308840477	1.43
909	0.0151758060	0.2304741172	1.43
910	0.0149134459	0.2300531426	1.43
911	0.0146189719	0.2296222489	1.43
912	0.0143026100	0.2291825612	1.43
913	0.0139745864	0.2287352044	1.43
914	0.0136451269	0.2282813036	1.43
915	0.0133244576	0.2278219838	1.43
916	0.0130228045	0.2273583702	1.43
917	0.0127503937	0.2268915877	1.43
918	0.0125174511	0.2264227613	1.43
919	0.0123339125	0.2259528381	1.43
920	0.0121738937	0.2254630146	1.43
921	0.0120161628	0.2249446442	1.43
922	0.0118617652	0.2244042306	1.43
923	0.0117117462	0.2238482775	1.43
924	0.0115671511	0.2232832888	1.43
925	0.0114290252	0.2227157680	1.43
926	0.0112984139	0.2221522190	1.43
927	0.0111763625	0.2215991455	1.43
928	0.0110639164	0.2210630512	1.43
929	0.0109621208	0.2205504399	1.43
930	0.0108720211	0.2200678153	1.43
931	0.0107946626	0.2196216812	1.43
932	0.0107310907	0.2192185412	1.43
933	0.0106814043	0.2188619868	1.43
934	0.0106374675	0.2185290477	1.43
935	0.0105969689	0.2182123809	1.43
936	0.0105596480	0.2179107309	1.43
937	0.0105252444	0.2176228422	1.43
938	0.0104934978	0.2173474590	1.43
939	0.0104641477	0.2170833259	1.43
940	0.0104369338	0.2168291871	1.43
941	0.0104115957	0.2165837871	1.43
942	0.0103878728	0.2163458703	1.43
943	0.0103655050	0.2161141812	1.43
944	0.0103442317	0.2158874640	1.43
945	0.0103237925	0.2156644632	1.43
946	0.0103039271	0.2154439232	1.43
947	0.0102843734	0.2152308692	1.43
948	0.0102650758	0.2150357110	1.43
949	0.0102461567	0.2148552152	1.43
950	0.0102277414	0.2146857397	1.43
951	0.0102099552	0.2145236427	1.43
952	0.0101929233	0.2143652822	1.43
953	0.0101767709	0.2142070162	1.43
954	0.0101616231	0.2140452028	1.43
955	0.0101476054	0.2138762001	1.43
956	0.0101348428	0.2136963660	1.43
957	0.0101234606	0.2135020586	1.43
958	0.0101135840	0.2132896361	1.43
959	0.0101053382	0.2130554563	1.43
960	0.0100988134	0.2127951391	1.43
961	0.0100929567	0.2124835028	1.43
962	0.0100872645	0.2121156182	1.43
963	0.0100817873	0.2116996272	1.43
964	0.0100765761	0.2112436720	1.43
965	0.0100716815	0.2107558947	1.43
966	0.0100671543	0.2102444374	1.43
967	0.0100630453	0.2097174423	1.43
968	0.0100594053	0.2091830513	1.43
969	0.0100562849	0.2086494066	1.43
970	0.0100537350	0.2081246504	1.43
971	0.0100518063	0.2076169247	1.43
972	0.0100505496	0.2071343717	1.43
973	0.0100500156	0.2066851334	1.43
974	0.0100516400	0.2062659413	1.43
975	0.0100580731	0.2058564840	1.43
976	0.0100689800	0.2054551415	1.43
977	0.0100839361	0.2050609464	1.43
978	0.0101025169	0.2046729312	1.43
979	0.0101242975	0.2042901286	1.43
980	0.0101488535	0.2039115709	1.43
981	0.0101757603	0.2035362909	1.43
982	0.0102045931	0.2031633210	1.43
983	0.0102349274	0.2027916937	1.43
984	0.0102663385	0.2024204417	1.43
985	0.0102984019	0.2020485974	1.43
986	0.0103306928	0.2016751935	1.43
987	0.0103632793	0.2012962744	1.43
988	0.0104002807	0.2008867221	1.43
989	0.0104423444	0.2004488835	1.43
990	0.0104890072	0.1999924693	1.43
991	0.0105398062	0.1995271900	1.43
992	0.0105942781	0.1990627563	1.43
993	0.0106519598	0.1986088788	1.43
994	0.0107123882	0.1981752682	1.43
995	0.0107751002	0.1977716349	1.43
996	0.0108396325	0.1974076898	1.43
997	0.0109055222	0.1970931433	1.43
998	0.0109723060	0.1968377060	1.43
999	0.0110395209	0.1966510887	1.43
1000	0.0111067911	0.1965426376	1.43
1001	0.0111833970	0.1964766599	1.43
1002	0.0112734762	0.1964230341	1.43
1003	0.0113736926	0.1963795434	1.43
1004	0.0114807101	0.1963439715	1.43
1005	0.0115911926	0.1963141019	1.43
1006	0.0117018040	0.1962877181	1.43
1007	0.0118092082	0.1962626035	1.43
1008	0.0119100691	0.1962365417	1.43
1009	0.0120010505	0.1962073163	1.43
1010	0.0120788164	0.1961727106	1.43
1011	0.0121400307	0.1961305083	1.43
1012	0.0121813572	0.1960784928	1.43
1013	0.0121994599	0.1960144476	1.43
1014	0.0121993451	0.1959013396	1.43
1015	0.0121967238	0.1956774871	1.43
1016	0.0121921676	0.1953612047	1.43
1017	0.0121857492	0.1949731358	1.43
1018	0.0121775414	0.1945339234	1.43
1019	0.0121676170	0.1940642108	1.43
1020	0.0121560487	0.1935846412	1.43
1021	0.0121429095	0.1931158577	1.43
1022	0.0121282719	0.1926785036	1.43
1023	0.0121122090	0.1922932221	1.43
1024	0.0120947934	0.1919806563	1.43
1025	0.0120760979	0.1917614495	1.43
1026	0.0120561953	0.1916562448	1.43
1027	0.0120252974	0.1916680355	1.43
1028	0.0119580162	0.1917528192	1.43
1029	0.0118589858	0.1919003969	1.43
1030	0.0117347486	0.1921033914	1.43
1031	0.0115918467	0.1923544251	1.43
1032	0.0114368226	0.1926461208	1.43
1033	0.0112762185	0.1929711009	1.43
1034	0.0111165768	0.1933219882	1.43
1035	0.0109644397	0.1936914052	1.43
1036	0.0108263496	0.1940719744	1.43
1037	0.0107088487	0.1944563186	1.43
1038	0.0106184794	0.1948370603	1.43
1039	0.0105617840	0.1952068222	1.43
1040	0.0105375645	0.1955663005	1.43
1041	0.0105177845	0.1959440811	1.43
1042	0.0104992550	0.1963426954	1.43
1043	0.0104820549	0.1967612597	1.43
1044	0.0104662632	0.1971988904	1.43
1045	0.0104519587	0.1976547038	1.43
1046	0.0104392203	0.1981278164	1.43
1047	0.0104281269	0.1986173443	1.43
1048	0.0104187574	0.1991224041	1.43
1049	0.0104111907	0.1996421119	1.43
1050	0.0104055056	0.2001755842	1.43
